TITLE = "Cavity Iterative Residual History"
variables="Iteration""Time(s)""Res1""Res2""Res3"
1 2.746582e-04 0.000000e+00 1.000338e+02 0.000000e+00
10 2.746582e-03 2.985956e+22 1.664637e+01 0.000000e+00
20 5.493164e-03 2.643515e+22 9.533592e+00 0.000000e+00
30 8.239746e-03 2.285240e+22 6.793029e+00 0.000000e+00
40 1.098633e-02 2.078209e+22 5.285800e+00 0.000000e+00
50 1.373291e-02 1.928470e+22 4.311866e+00 0.000000e+00
60 1.647949e-02 1.809872e+22 3.619913e+00 0.000000e+00
70 1.922607e-02 1.713291e+22 3.096376e+00 0.000000e+00
80 2.197266e-02 1.633454e+22 2.681553e+00 0.000000e+00
90 2.471924e-02 1.564847e+22 2.341189e+00 0.000000e+00
100 2.746582e-02 1.514162e+22 2.054105e+00 0.000000e+00
110 3.021240e-02 1.477399e+22 1.806617e+00 0.000000e+00
120 3.295898e-02 1.445285e+22 1.589784e+00 0.000000e+00
130 3.570557e-02 1.421027e+22 1.399384e+00 0.000000e+00
140 3.845215e-02 1.407038e+22 1.235368e+00 0.000000e+00
150 4.119873e-02 1.393215e+22 1.098999e+00 0.000000e+00
160 4.394531e-02 1.379399e+22 9.922691e-01 0.000000e+00
170 4.669189e-02 1.365553e+22 9.162706e-01 0.000000e+00
180 4.943848e-02 1.351697e+22 8.701126e-01 0.000000e+00
190 5.218506e-02 1.337142e+22 8.506656e-01 0.000000e+00
200 5.493164e-02 1.321671e+22 8.531709e-01 0.000000e+00
210 5.767822e-02 1.306315e+22 8.719737e-01 0.000000e+00
220 6.042480e-02 1.291085e+22 9.016930e-01 0.000000e+00
230 6.317139e-02 1.275983e+22 9.379489e-01 0.000000e+00
240 6.591797e-02 1.261015e+22 9.773600e-01 0.000000e+00
250 6.866455e-02 1.246184e+22 1.017460e+00 0.000000e+00
260 7.141113e-02 1.231389e+22 1.056694e+00 0.000000e+00
270 7.415771e-02 1.215967e+22 1.094104e+00 0.000000e+00
280 7.690430e-02 1.200753e+22 1.129057e+00 0.000000e+00
290 7.965088e-02 1.185769e+22 1.161109e+00 0.000000e+00
300 8.239746e-02 1.171019e+22 1.190056e+00 0.000000e+00
310 8.514404e-02 1.155280e+22 1.215764e+00 0.000000e+00
320 8.789063e-02 1.136033e+22 1.238229e+00 0.000000e+00
330 9.063721e-02 1.117645e+22 1.257719e+00 0.000000e+00
340 9.338379e-02 1.100202e+22 1.274311e+00 0.000000e+00
350 9.613037e-02 1.083562e+22 1.288109e+00 0.000000e+00
360 9.887695e-02 1.067608e+22 1.299250e+00 0.000000e+00
370 1.016235e-01 1.051935e+22 1.307901e+00 0.000000e+00
380 1.043701e-01 1.036753e+22 1.314263e+00 0.000000e+00
390 1.071167e-01 1.022059e+22 1.318501e+00 0.000000e+00
400 1.098633e-01 1.007804e+22 1.320782e+00 0.000000e+00
410 1.126099e-01 9.939438e+21 1.321271e+00 0.000000e+00
420 1.153564e-01 9.802068e+21 1.320137e+00 0.000000e+00
430 1.181030e-01 9.667993e+21 1.317539e+00 0.000000e+00
440 1.208496e-01 9.537110e+21 1.313612e+00 0.000000e+00
450 1.235962e-01 9.408641e+21 1.308483e+00 0.000000e+00
460 1.263428e-01 9.281326e+21 1.302262e+00 0.000000e+00
470 1.290894e-01 9.155349e+21 1.295042e+00 0.000000e+00
480 1.318359e-01 9.031931e+21 1.286893e+00 0.000000e+00
490 1.345825e-01 8.910974e+21 1.277860e+00 0.000000e+00
500 1.373291e-01 8.792737e+21 1.267965e+00 0.000000e+00
510 1.400757e-01 8.683866e+21 1.257214e+00 0.000000e+00
520 1.428223e-01 8.576997e+21 1.245588e+00 0.000000e+00
530 1.455688e-01 8.472937e+21 1.233035e+00 0.000000e+00
540 1.483154e-01 8.371438e+21 1.219473e+00 0.000000e+00
550 1.510620e-01 8.270660e+21 1.204802e+00 0.000000e+00
560 1.538086e-01 8.171910e+21 1.188904e+00 0.000000e+00
570 1.565552e-01 8.074553e+21 1.171636e+00 0.000000e+00
580 1.593018e-01 7.979318e+21 1.152836e+00 0.000000e+00
590 1.620483e-01 7.886166e+21 1.132328e+00 0.000000e+00
600 1.647949e-01 7.795079e+21 1.109919e+00 0.000000e+00
610 1.675415e-01 7.706354e+21 1.085413e+00 0.000000e+00
620 1.702881e-01 7.625092e+21 1.058624e+00 0.000000e+00
630 1.730347e-01 7.546555e+21 1.029366e+00 0.000000e+00
640 1.757813e-01 7.470777e+21 9.974539e-01 0.000000e+00
650 1.785278e-01 7.397631e+21 9.627313e-01 0.000000e+00
660 1.812744e-01 7.325848e+21 9.250828e-01 0.000000e+00
670 1.840210e-01 7.256281e+21 8.844461e-01 0.000000e+00
680 1.867676e-01 7.188942e+21 8.408210e-01 0.000000e+00
690 1.895142e-01 7.123624e+21 7.942907e-01 0.000000e+00
700 1.922607e-01 7.060026e+21 7.450452e-01 0.000000e+00
710 1.950073e-01 6.998615e+21 6.934010e-01 0.000000e+00
720 1.977539e-01 6.939037e+21 6.398243e-01 0.000000e+00
730 2.005005e-01 6.880641e+21 5.849604e-01 0.000000e+00
740 2.032471e-01 6.824073e+21 5.296633e-01 0.000000e+00
750 2.059937e-01 6.770654e+21 4.750268e-01 0.000000e+00
760 2.087402e-01 6.720194e+21 4.224394e-01 0.000000e+00
770 2.114868e-01 6.670915e+21 3.736284e-01 0.000000e+00
780 2.142334e-01 6.622583e+21 3.307008e-01 0.000000e+00
790 2.169800e-01 6.575022e+21 2.960801e-01 0.000000e+00
800 2.197266e-01 6.528410e+21 2.721544e-01 0.000000e+00
810 2.224731e-01 6.482683e+21 2.604882e-01 0.000000e+00
820 2.252197e-01 6.437457e+21 2.609307e-01 0.000000e+00
830 2.279663e-01 6.393907e+21 2.714735e-01 0.000000e+00
840 2.307129e-01 6.353801e+21 2.891230e-01 0.000000e+00
850 2.334595e-01 6.314394e+21 3.109594e-01 0.000000e+00
860 2.362061e-01 6.275555e+21 3.346899e-01 0.000000e+00
870 2.389526e-01 6.237303e+21 3.587341e-01 0.000000e+00
880 2.416992e-01 6.199805e+21 3.820846e-01 0.000000e+00
890 2.444458e-01 6.163061e+21 4.041406e-01 0.000000e+00
900 2.471924e-01 6.127064e+21 4.245753e-01 0.000000e+00
910 2.499390e-01 6.091640e+21 4.432414e-01 0.000000e+00
920 2.526855e-01 6.056874e+21 4.601063e-01 0.000000e+00
930 2.554321e-01 6.022800e+21 4.752084e-01 0.000000e+00
940 2.581787e-01 5.989389e+21 4.886280e-01 0.000000e+00
950 2.609253e-01 5.956579e+21 5.004684e-01 0.000000e+00
960 2.636719e-01 5.924302e+21 5.108429e-01 0.000000e+00
970 2.664185e-01 5.892556e+21 5.198676e-01 0.000000e+00
980 2.691650e-01 5.861311e+21 5.276554e-01 0.000000e+00
990 2.719116e-01 5.830563e+21 5.343130e-01 0.000000e+00
1000 2.746582e-01 5.800209e+21 5.399392e-01 0.000000e+00
1010 2.774048e-01 5.770274e+21 5.446239e-01 0.000000e+00
1020 2.801514e-01 5.740732e+21 5.484472e-01 0.000000e+00
1030 2.828979e-01 5.711550e+21 5.514794e-01 0.000000e+00
1040 2.856445e-01 5.683813e+21 5.537805e-01 0.000000e+00
1050 2.883911e-01 5.657051e+21 5.554018e-01 0.000000e+00
1060 2.911377e-01 5.630550e+21 5.563827e-01 0.000000e+00
1070 2.938843e-01 5.604288e+21 5.567520e-01 0.000000e+00
1080 2.966309e-01 5.578240e+21 5.565285e-01 0.000000e+00
1090 2.993774e-01 5.552384e+21 5.557209e-01 0.000000e+00
1100 3.021240e-01 5.526635e+21 5.543274e-01 0.000000e+00
1110 3.048706e-01 5.501754e+21 5.523358e-01 0.000000e+00
1120 3.076172e-01 5.478102e+21 5.497249e-01 0.000000e+00
1130 3.103638e-01 5.454605e+21 5.464635e-01 0.000000e+00
1140 3.131104e-01 5.431261e+21 5.425096e-01 0.000000e+00
1150 3.158569e-01 5.408047e+21 5.378127e-01 0.000000e+00
1160 3.186035e-01 5.384950e+21 5.323141e-01 0.000000e+00
1170 3.213501e-01 5.362001e+21 5.259480e-01 0.000000e+00
1180 3.240967e-01 5.339207e+21 5.186427e-01 0.000000e+00
1190 3.268433e-01 5.316570e+21 5.103223e-01 0.000000e+00
1200 3.295898e-01 5.294058e+21 5.009085e-01 0.000000e+00
1210 3.323364e-01 5.271702e+21 4.903229e-01 0.000000e+00
1220 3.350830e-01 5.249507e+21 4.784904e-01 0.000000e+00
1230 3.378296e-01 5.227459e+21 4.653418e-01 0.000000e+00
1240 3.405762e-01 5.205540e+21 4.508184e-01 0.000000e+00
1250 3.433228e-01 5.183771e+21 4.348759e-01 0.000000e+00
1260 3.460693e-01 5.162155e+21 4.174892e-01 0.000000e+00
1270 3.488159e-01 5.140679e+21 3.986577e-01 0.000000e+00
1280 3.515625e-01 5.119313e+21 3.784105e-01 0.000000e+00
1290 3.543091e-01 5.098060e+21 3.568123e-01 0.000000e+00
1300 3.570557e-01 5.076917e+21 3.339693e-01 0.000000e+00
1310 3.598022e-01 5.055847e+21 3.100358e-01 0.000000e+00
1320 3.625488e-01 5.034844e+21 2.852220e-01 0.000000e+00
1330 3.652954e-01 5.013882e+21 2.598049e-01 0.000000e+00
1340 3.680420e-01 4.992937e+21 2.341436e-01 0.000000e+00
1350 3.707886e-01 4.971996e+21 2.087041e-01 0.000000e+00
1360 3.735352e-01 4.951029e+21 1.840997e-01 0.000000e+00
1370 3.762817e-01 4.930028e+21 1.611531e-01 0.000000e+00
1380 3.790283e-01 4.908969e+21 1.409753e-01 0.000000e+00
1390 3.817749e-01 4.887879e+21 1.250083e-01 0.000000e+00
1400 3.845215e-01 4.867845e+21 1.148609e-01 0.000000e+00
1410 3.872681e-01 4.847771e+21 1.117179e-01 0.000000e+00
1420 3.900146e-01 4.827661e+21 1.155492e-01 0.000000e+00
1430 3.927612e-01 4.808479e+21 1.250174e-01 0.000000e+00
1440 3.955078e-01 4.789466e+21 1.382520e-01 0.000000e+00
1450 3.982544e-01 4.770456e+21 1.535880e-01 0.000000e+00
1460 4.010010e-01 4.751462e+21 1.698190e-01 0.000000e+00
1470 4.037476e-01 4.732500e+21 1.861458e-01 0.000000e+00
1480 4.064941e-01 4.713584e+21 2.020594e-01 0.000000e+00
1490 4.092407e-01 4.694728e+21 2.172444e-01 0.000000e+00
1500 4.119873e-01 4.675945e+21 2.315128e-01 0.000000e+00
1510 4.147339e-01 4.657246e+21 2.447619e-01 0.000000e+00
1520 4.174805e-01 4.638642e+21 2.569463e-01 0.000000e+00
1530 4.202271e-01 4.620139e+21 2.680599e-01 0.000000e+00
1540 4.229736e-01 4.601742e+21 2.781226e-01 0.000000e+00
1550 4.257202e-01 4.583456e+21 2.871712e-01 0.000000e+00
1560 4.284668e-01 4.565282e+21 2.952532e-01 0.000000e+00
1570 4.312134e-01 4.547219e+21 3.024216e-01 0.000000e+00
1580 4.339600e-01 4.529265e+21 3.087310e-01 0.000000e+00
1590 4.367065e-01 4.511416e+21 3.142355e-01 0.000000e+00
1600 4.394531e-01 4.493669e+21 3.189863e-01 0.000000e+00
1610 4.421997e-01 4.476016e+21 3.230304e-01 0.000000e+00
1620 4.449463e-01 4.458453e+21 3.264096e-01 0.000000e+00
1630 4.476929e-01 4.440974e+21 3.291599e-01 0.000000e+00
1640 4.504395e-01 4.423573e+21 3.313110e-01 0.000000e+00
1650 4.531860e-01 4.406246e+21 3.328863e-01 0.000000e+00
1660 4.559326e-01 4.388990e+21 3.339026e-01 0.000000e+00
1670 4.586792e-01 4.371804e+21 3.343706e-01 0.000000e+00
1680 4.614258e-01 4.354687e+21 3.342946e-01 0.000000e+00
1690 4.641724e-01 4.337642e+21 3.336732e-01 0.000000e+00
1700 4.669189e-01 4.320673e+21 3.324993e-01 0.000000e+00
1710 4.696655e-01 4.303899e+21 3.307610e-01 0.000000e+00
1720 4.724121e-01 4.287974e+21 3.284422e-01 0.000000e+00
1730 4.751587e-01 4.272149e+21 3.255233e-01 0.000000e+00
1740 4.779053e-01 4.256431e+21 3.219808e-01 0.000000e+00
1750 4.806519e-01 4.240828e+21 3.177891e-01 0.000000e+00
1760 4.833984e-01 4.225916e+21 3.129216e-01 0.000000e+00
1770 4.861450e-01 4.211407e+21 3.073526e-01 0.000000e+00
1780 4.888916e-01 4.197042e+21 3.010564e-01 0.000000e+00
1790 4.916382e-01 4.182827e+21 2.940100e-01 0.000000e+00
1800 4.943848e-01 4.168766e+21 2.861941e-01 0.000000e+00
1810 4.971313e-01 4.154861e+21 2.775946e-01 0.000000e+00
1820 4.998779e-01 4.141114e+21 2.682045e-01 0.000000e+00
1830 5.026245e-01 4.127525e+21 2.580251e-01 0.000000e+00
1840 5.053711e-01 4.114091e+21 2.470679e-01 0.000000e+00
1850 5.081177e-01 4.100810e+21 2.353560e-01 0.000000e+00
1860 5.108643e-01 4.087676e+21 2.229262e-01 0.000000e+00
1870 5.136108e-01 4.074684e+21 2.098306e-01 0.000000e+00
1880 5.163574e-01 4.061826e+21 1.961386e-01 0.000000e+00
1890 5.191040e-01 4.049093e+21 1.819401e-01 0.000000e+00
1900 5.218506e-01 4.036478e+21 1.673485e-01 0.000000e+00
1910 5.245972e-01 4.023972e+21 1.525072e-01 0.000000e+00
1920 5.273438e-01 4.011565e+21 1.375979e-01 0.000000e+00
1930 5.300903e-01 3.999249e+21 1.228555e-01 0.000000e+00
1940 5.328369e-01 3.987016e+21 1.085925e-01 0.000000e+00
1950 5.355835e-01 3.974859e+21 9.523702e-02 0.000000e+00
1960 5.383301e-01 3.962772e+21 8.338496e-02 0.000000e+00
1970 5.410767e-01 3.950751e+21 7.384305e-02 0.000000e+00
1980 5.438232e-01 3.938793e+21 6.757305e-02 0.000000e+00
1990 5.465698e-01 3.926896e+21 6.538839e-02 0.000000e+00
2000 5.493164e-01 3.915060e+21 6.746141e-02 0.000000e+00
2010 5.520630e-01 3.903286e+21 7.314876e-02 0.000000e+00
2020 5.548096e-01 3.891577e+21 8.138793e-02 0.000000e+00
2030 5.575562e-01 3.880261e+21 9.117659e-02 0.000000e+00
2040 5.603027e-01 3.869290e+21 1.017662e-01 0.000000e+00
2050 5.630493e-01 3.858397e+21 1.126466e-01 0.000000e+00
2060 5.657959e-01 3.847583e+21 1.234807e-01 0.000000e+00
2070 5.685425e-01 3.837301e+21 1.340464e-01 0.000000e+00
2080 5.712891e-01 3.827195e+21 1.441982e-01 0.000000e+00
2090 5.740356e-01 3.817180e+21 1.538403e-01 0.000000e+00
2100 5.767822e-01 3.807257e+21 1.629120e-01 0.000000e+00
2110 5.795288e-01 3.797427e+21 1.713768e-01 0.000000e+00
2120 5.822754e-01 3.787692e+21 1.792160e-01 0.000000e+00
2130 5.850220e-01 3.778049e+21 1.864236e-01 0.000000e+00
2140 5.877686e-01 3.768496e+21 1.930028e-01 0.000000e+00
2150 5.905151e-01 3.759032e+21 1.989629e-01 0.000000e+00
2160 5.932617e-01 3.749652e+21 2.043178e-01 0.000000e+00
2170 5.960083e-01 3.740351e+21 2.090838e-01 0.000000e+00
2180 5.987549e-01 3.731124e+21 2.132784e-01 0.000000e+00
2190 6.015015e-01 3.721966e+21 2.169195e-01 0.000000e+00
2200 6.042480e-01 3.712870e+21 2.200241e-01 0.000000e+00
2210 6.069946e-01 3.703831e+21 2.226080e-01 0.000000e+00
2220 6.097412e-01 3.694842e+21 2.246852e-01 0.000000e+00
2230 6.124878e-01 3.685897e+21 2.262675e-01 0.000000e+00
2240 6.152344e-01 3.676991e+21 2.273643e-01 0.000000e+00
2250 6.179810e-01 3.668121e+21 2.279827e-01 0.000000e+00
2260 6.207275e-01 3.659281e+21 2.281273e-01 0.000000e+00
2270 6.234741e-01 3.650469e+21 2.278003e-01 0.000000e+00
2280 6.262207e-01 3.641683e+21 2.270017e-01 0.000000e+00
2290 6.289673e-01 3.632922e+21 2.257297e-01 0.000000e+00
2300 6.317139e-01 3.624185e+21 2.239810e-01 0.000000e+00
2310 6.344604e-01 3.615473e+21 2.217508e-01 0.000000e+00
2320 6.372070e-01 3.606787e+21 2.190339e-01 0.000000e+00
2330 6.399536e-01 3.598127e+21 2.158247e-01 0.000000e+00
2340 6.427002e-01 3.589496e+21 2.121179e-01 0.000000e+00
2350 6.454468e-01 3.580894e+21 2.079091e-01 0.000000e+00
2360 6.481934e-01 3.572325e+21 2.031954e-01 0.000000e+00
2370 6.509399e-01 3.563989e+21 1.979757e-01 0.000000e+00
2380 6.536865e-01 3.555878e+21 1.922521e-01 0.000000e+00
2390 6.564331e-01 3.547804e+21 1.860299e-01 0.000000e+00
2400 6.591797e-01 3.539765e+21 1.793183e-01 0.000000e+00
2410 6.619263e-01 3.531760e+21 1.721311e-01 0.000000e+00
2420 6.646729e-01 3.524158e+21 1.644876e-01 0.000000e+00
2430 6.674194e-01 3.516610e+21 1.564135e-01 0.000000e+00
2440 6.701660e-01 3.509091e+21 1.479412e-01 0.000000e+00
2450 6.729126e-01 3.501599e+21 1.391107e-01 0.000000e+00
2460 6.756592e-01 3.494129e+21 1.299714e-01 0.000000e+00
2470 6.784058e-01 3.486677e+21 1.205833e-01 0.000000e+00
2480 6.811523e-01 3.479241e+21 1.110197e-01 0.000000e+00
2490 6.838989e-01 3.471815e+21 1.013711e-01 0.000000e+00
2500 6.866455e-01 3.464397e+21 9.175118e-02 0.000000e+00
2510 6.893921e-01 3.456982e+21 8.230669e-02 0.000000e+00
2520 6.921387e-01 3.449568e+21 7.323228e-02 0.000000e+00
2530 6.948853e-01 3.442152e+21 6.479317e-02 0.000000e+00
2540 6.976318e-01 3.434732e+21 5.735304e-02 0.000000e+00
2550 7.003784e-01 3.427306e+21 5.139185e-02 0.000000e+00
2560 7.031250e-01 3.419873e+21 4.746560e-02 0.000000e+00
2570 7.058716e-01 3.412433e+21 4.604069e-02 0.000000e+00
2580 7.086182e-01 3.404986e+21 4.724088e-02 0.000000e+00
2590 7.113647e-01 3.397534e+21 5.074519e-02 0.000000e+00
2600 7.141113e-01 3.390077e+21 5.596917e-02 0.000000e+00
2610 7.168579e-01 3.382618e+21 6.232072e-02 0.000000e+00
2620 7.196045e-01 3.375158e+21 6.932907e-02 0.000000e+00
2630 7.223511e-01 3.367700e+21 7.665744e-02 0.000000e+00
2640 7.250977e-01 3.360247e+21 8.407338e-02 0.000000e+00
2650 7.278442e-01 3.352802e+21 9.141688e-02 0.000000e+00
2660 7.305908e-01 3.345367e+21 9.857670e-02 0.000000e+00
2670 7.333374e-01 3.337945e+21 1.054746e-01 0.000000e+00
2680 7.360840e-01 3.330538e+21 1.120554e-01 0.000000e+00
2690 7.388306e-01 3.323149e+21 1.182799e-01 0.000000e+00
2700 7.415771e-01 3.315830e+21 1.241209e-01 0.000000e+00
2710 7.443237e-01 3.308808e+21 1.295602e-01 0.000000e+00
2720 7.470703e-01 3.301811e+21 1.345863e-01 0.000000e+00
2730 7.498169e-01 3.294837e+21 1.391923e-01 0.000000e+00
2740 7.525635e-01 3.288065e+21 1.433752e-01 0.000000e+00
2750 7.553101e-01 3.281441e+21 1.471352e-01 0.000000e+00
2760 7.580566e-01 3.274842e+21 1.504741e-01 0.000000e+00
2770 7.608032e-01 3.268268e+21 1.533953e-01 0.000000e+00
2780 7.635498e-01 3.261717e+21 1.559029e-01 0.000000e+00
2790 7.662964e-01 3.255188e+21 1.580016e-01 0.000000e+00
2800 7.690430e-01 3.248680e+21 1.596962e-01 0.000000e+00
2810 7.717896e-01 3.242193e+21 1.609913e-01 0.000000e+00
2820 7.745361e-01 3.235726e+21 1.618913e-01 0.000000e+00
2830 7.772827e-01 3.229278e+21 1.624002e-01 0.000000e+00
2840 7.800293e-01 3.222849e+21 1.625213e-01 0.000000e+00
2850 7.827759e-01 3.216440e+21 1.622577e-01 0.000000e+00
2860 7.855225e-01 3.210050e+21 1.616118e-01 0.000000e+00
2870 7.882690e-01 3.203680e+21 1.605860e-01 0.000000e+00
2880 7.910156e-01 3.197330e+21 1.591823e-01 0.000000e+00
2890 7.937622e-01 3.191003e+21 1.574025e-01 0.000000e+00
2900 7.965088e-01 3.184698e+21 1.552490e-01 0.000000e+00
2910 7.992554e-01 3.178417e+21 1.527243e-01 0.000000e+00
2920 8.020020e-01 3.172161e+21 1.498317e-01 0.000000e+00
2930 8.047485e-01 3.165932e+21 1.465754e-01 0.000000e+00
2940 8.074951e-01 3.159730e+21 1.429608e-01 0.000000e+00
2950 8.102417e-01 3.153556e+21 1.389947e-01 0.000000e+00
2960 8.129883e-01 3.147412e+21 1.346860e-01 0.000000e+00
2970 8.157349e-01 3.141298e+21 1.300454e-01 0.000000e+00
2980 8.184814e-01 3.135213e+21 1.250861e-01 0.000000e+00
2990 8.212280e-01 3.129160e+21 1.198241e-01 0.000000e+00
3000 8.239746e-01 3.123136e+21 1.142785e-01 0.000000e+00
3010 8.267212e-01 3.117182e+21 1.084720e-01 0.000000e+00
3020 8.294678e-01 3.111458e+21 1.024312e-01 0.000000e+00
3030 8.322144e-01 3.105763e+21 9.618786e-02 0.000000e+00
3040 8.349609e-01 3.100096e+21 8.977897e-02 0.000000e+00
3050 8.377075e-01 3.094528e+21 8.324862e-02 0.000000e+00
3060 8.404541e-01 3.089141e+21 7.665011e-02 0.000000e+00
3070 8.432007e-01 3.083779e+21 7.004901e-02 0.000000e+00
3080 8.459473e-01 3.078439e+21 6.352740e-02 0.000000e+00
3090 8.486938e-01 3.073119e+21 5.719141e-02 0.000000e+00
3100 8.514404e-01 3.067818e+21 5.118165e-02 0.000000e+00
3110 8.541870e-01 3.062535e+21 4.568725e-02 0.000000e+00
3120 8.569336e-01 3.057269e+21 4.095965e-02 0.000000e+00
3130 8.596802e-01 3.052018e+21 3.731263e-02 0.000000e+00
3140 8.624268e-01 3.046783e+21 3.507894e-02 0.000000e+00
3150 8.651733e-01 3.041562e+21 3.450008e-02 0.000000e+00
3160 8.679199e-01 3.036356e+21 3.559838e-02 0.000000e+00
3170 8.706665e-01 3.031165e+21 3.815306e-02 0.000000e+00
3180 8.734131e-01 3.025988e+21 4.181075e-02 0.000000e+00
3190 8.761597e-01 3.020827e+21 4.621729e-02 0.000000e+00
3200 8.789063e-01 3.015681e+21 5.108442e-02 0.000000e+00
3210 8.816528e-01 3.010551e+21 5.619873e-02 0.000000e+00
3220 8.843994e-01 3.005438e+21 6.140750e-02 0.000000e+00
3230 8.871460e-01 3.000342e+21 6.660183e-02 0.000000e+00
3240 8.898926e-01 2.995264e+21 7.170316e-02 0.000000e+00
3250 8.926392e-01 2.990205e+21 7.665392e-02 0.000000e+00
3260 8.953857e-01 2.985164e+21 8.141135e-02 0.000000e+00
3270 8.981323e-01 2.980143e+21 8.594329e-02 0.000000e+00
3280 9.008789e-01 2.975141e+21 9.022544e-02 0.000000e+00
3290 9.036255e-01 2.970159e+21 9.423940e-02 0.000000e+00
3300 9.063721e-01 2.965197e+21 9.797134e-02 0.000000e+00
3310 9.091187e-01 2.960254e+21 1.014110e-01 0.000000e+00
3320 9.118652e-01 2.955454e+21 1.045509e-01 0.000000e+00
3330 9.146118e-01 2.950723e+21 1.073861e-01 0.000000e+00
3340 9.173584e-01 2.946011e+21 1.099130e-01 0.000000e+00
3350 9.201050e-01 2.941317e+21 1.121297e-01 0.000000e+00
3360 9.228516e-01 2.936762e+21 1.140353e-01 0.000000e+00
3370 9.255981e-01 2.932263e+21 1.156300e-01 0.000000e+00
3380 9.283447e-01 2.927781e+21 1.169144e-01 0.000000e+00
3390 9.310913e-01 2.923313e+21 1.178899e-01 0.000000e+00
3400 9.338379e-01 2.918861e+21 1.185582e-01 0.000000e+00
3410 9.365845e-01 2.914422e+21 1.189214e-01 0.000000e+00
3420 9.393311e-01 2.909996e+21 1.189819e-01 0.000000e+00
3430 9.420776e-01 2.905582e+21 1.187423e-01 0.000000e+00
3440 9.448242e-01 2.901181e+21 1.182055e-01 0.000000e+00
3450 9.475708e-01 2.896791e+21 1.173749e-01 0.000000e+00
3460 9.503174e-01 2.892412e+21 1.162541e-01 0.000000e+00
3470 9.530640e-01 2.888045e+21 1.148469e-01 0.000000e+00
3480 9.558105e-01 2.883689e+21 1.131581e-01 0.000000e+00
3490 9.585571e-01 2.879343e+21 1.111927e-01 0.000000e+00
3500 9.613037e-01 2.875009e+21 1.089565e-01 0.000000e+00
3510 9.640503e-01 2.870685e+21 1.064561e-01 0.000000e+00
3520 9.667969e-01 2.866372e+21 1.036993e-01 0.000000e+00
3530 9.695435e-01 2.862069e+21 1.006945e-01 0.000000e+00
3540 9.722900e-01 2.857777e+21 9.745187e-02 0.000000e+00
3550 9.750366e-01 2.853495e+21 9.398255e-02 0.000000e+00
3560 9.777832e-01 2.849223e+21 9.029941e-02 0.000000e+00
3570 9.805298e-01 2.844960e+21 8.641709e-02 0.000000e+00
3580 9.832764e-01 2.840707e+21 8.235219e-02 0.000000e+00
3590 9.860229e-01 2.836463e+21 7.812365e-02 0.000000e+00
3600 9.887695e-01 2.832227e+21 7.375309e-02 0.000000e+00
3610 9.915161e-01 2.827998e+21 6.926537e-02 0.000000e+00
3620 9.942627e-01 2.823777e+21 6.468939e-02 0.000000e+00
3630 9.970093e-01 2.819562e+21 6.005911e-02 0.000000e+00
3640 9.997559e-01 2.815431e+21 5.541518e-02 0.000000e+00
3650 1.002502e+00 2.811361e+21 5.080744e-02 0.000000e+00
3660 1.005249e+00 2.807296e+21 4.629810e-02 0.000000e+00
3670 1.007996e+00 2.803236e+21 4.196660e-02 0.000000e+00
3680 1.010742e+00 2.799280e+21 3.791601e-02 0.000000e+00
3690 1.013489e+00 2.795357e+21 3.428045e-02 0.000000e+00
3700 1.016235e+00 2.791438e+21 3.122849e-02 0.000000e+00
3710 1.018982e+00 2.787523e+21 2.895471e-02 0.000000e+00
3720 1.021729e+00 2.783611e+21 2.764548e-02 0.000000e+00
3730 1.024475e+00 2.779703e+21 2.741712e-02 0.000000e+00
3740 1.027222e+00 2.775797e+21 2.825974e-02 0.000000e+00
3750 1.029968e+00 2.771895e+21 3.003676e-02 0.000000e+00
3760 1.032715e+00 2.767997e+21 3.254183e-02 0.000000e+00
3770 1.035461e+00 2.764102e+21 3.556363e-02 0.000000e+00
3780 1.038208e+00 2.760210e+21 3.892231e-02 0.000000e+00
3790 1.040955e+00 2.756323e+21 4.247812e-02 0.000000e+00
3800 1.043701e+00 2.752440e+21 4.612655e-02 0.000000e+00
3810 1.046448e+00 2.748563e+21 4.979018e-02 0.000000e+00
3820 1.049194e+00 2.744690e+21 5.341123e-02 0.000000e+00
3830 1.051941e+00 2.740824e+21 5.694607e-02 0.000000e+00
3840 1.054688e+00 2.736963e+21 6.036125e-02 0.000000e+00
3850 1.057434e+00 2.733109e+21 6.363074e-02 0.000000e+00
3860 1.060181e+00 2.729261e+21 6.673414e-02 0.000000e+00
3870 1.062927e+00 2.725421e+21 6.965526e-02 0.000000e+00
3880 1.065674e+00 2.721589e+21 7.238128e-02 0.000000e+00
3890 1.068420e+00 2.717763e+21 7.490200e-02 0.000000e+00
3900 1.071167e+00 2.713946e+21 7.720939e-02 0.000000e+00
3910 1.073914e+00 2.710137e+21 7.929720e-02 0.000000e+00
3920 1.076660e+00 2.706335e+21 8.116063e-02 0.000000e+00
3930 1.079407e+00 2.702618e+21 8.279612e-02 0.000000e+00
3940 1.082153e+00 2.698943e+21 8.420131e-02 0.000000e+00
3950 1.084900e+00 2.695277e+21 8.537460e-02 0.000000e+00
3960 1.087646e+00 2.691649e+21 8.631517e-02 0.000000e+00
3970 1.090393e+00 2.688103e+21 8.702295e-02 0.000000e+00
3980 1.093140e+00 2.684567e+21 8.749855e-02 0.000000e+00
3990 1.095886e+00 2.681039e+21 8.774304e-02 0.000000e+00
4000 1.098633e+00 2.677521e+21 8.775804e-02 0.000000e+00
4010 1.101379e+00 2.674011e+21 8.754567e-02 0.000000e+00
4020 1.104126e+00 2.670511e+21 8.710857e-02 0.000000e+00
4030 1.106873e+00 2.667019e+21 8.644984e-02 0.000000e+00
4040 1.109619e+00 2.663537e+21 8.557311e-02 0.000000e+00
4050 1.112366e+00 2.660064e+21 8.448253e-02 0.000000e+00
4060 1.115112e+00 2.656599e+21 8.318278e-02 0.000000e+00
4070 1.117859e+00 2.653144e+21 8.167917e-02 0.000000e+00
4080 1.120605e+00 2.649698e+21 7.997762e-02 0.000000e+00
4090 1.123352e+00 2.646262e+21 7.808474e-02 0.000000e+00
4100 1.126099e+00 2.642834e+21 7.600790e-02 0.000000e+00
4110 1.128845e+00 2.639416e+21 7.375530e-02 0.000000e+00
4120 1.131592e+00 2.636008e+21 7.133601e-02 0.000000e+00
4130 1.134338e+00 2.632609e+21 6.876013e-02 0.000000e+00
4140 1.137085e+00 2.629219e+21 6.603886e-02 0.000000e+00
4150 1.139832e+00 2.625838e+21 6.318465e-02 0.000000e+00
4160 1.142578e+00 2.622466e+21 6.021140e-02 0.000000e+00
4170 1.145325e+00 2.619103e+21 5.713469e-02 0.000000e+00
4180 1.148071e+00 2.615749e+21 5.397211e-02 0.000000e+00
4190 1.150818e+00 2.612404e+21 5.074373e-02 0.000000e+00
4200 1.153564e+00 2.609066e+21 4.747269e-02 0.000000e+00
4210 1.156311e+00 2.605782e+21 4.418607e-02 0.000000e+00
4220 1.159058e+00 2.602545e+21 4.091629e-02 0.000000e+00
4230 1.161804e+00 2.599315e+21 3.770261e-02 0.000000e+00
4240 1.164551e+00 2.596098e+21 3.459342e-02 0.000000e+00
4250 1.167297e+00 2.592963e+21 3.164923e-02 0.000000e+00
4260 1.170044e+00 2.589834e+21 2.894608e-02 0.000000e+00
4270 1.172791e+00 2.586713e+21 2.657726e-02 0.000000e+00
4280 1.175537e+00 2.583599e+21 2.465168e-02 0.000000e+00
4290 1.178284e+00 2.580492e+21 2.328320e-02 0.000000e+00
4300 1.181030e+00 2.577391e+21 2.256755e-02 0.000000e+00
4310 1.183777e+00 2.574297e+21 2.255181e-02 0.000000e+00
4320 1.186523e+00 2.571209e+21 2.321408e-02 0.000000e+00
4330 1.189270e+00 2.568128e+21 2.446968e-02 0.000000e+00
4340 1.192017e+00 2.565053e+21 2.619917e-02 0.000000e+00
4350 1.194763e+00 2.561984e+21 2.827857e-02 0.000000e+00
4360 1.197510e+00 2.558922e+21 3.059785e-02 0.000000e+00
4370 1.200256e+00 2.555866e+21 3.306721e-02 0.000000e+00
4380 1.203003e+00 2.552816e+21 3.561632e-02 0.000000e+00
4390 1.205750e+00 2.549773e+21 3.819086e-02 0.000000e+00
4400 1.208496e+00 2.546737e+21 4.074892e-02 0.000000e+00
4410 1.211243e+00 2.543708e+21 4.325785e-02 0.000000e+00
4420 1.213989e+00 2.540686e+21 4.569196e-02 0.000000e+00
4430 1.216736e+00 2.537670e+21 4.803082e-02 0.000000e+00
4440 1.219482e+00 2.534661e+21 5.025799e-02 0.000000e+00
4450 1.222229e+00 2.531660e+21 5.236015e-02 0.000000e+00
4460 1.224976e+00 2.528665e+21 5.432643e-02 0.000000e+00
4470 1.227722e+00 2.525678e+21 5.614799e-02 0.000000e+00
4480 1.230469e+00 2.522741e+21 5.781760e-02 0.000000e+00
4490 1.233215e+00 2.519831e+21 5.932948e-02 0.000000e+00
4500 1.235962e+00 2.516927e+21 6.067899e-02 0.000000e+00
4510 1.238708e+00 2.514053e+21 6.186248e-02 0.000000e+00
4520 1.241455e+00 2.511223e+21 6.287720e-02 0.000000e+00
4530 1.244202e+00 2.508399e+21 6.372126e-02 0.000000e+00
4540 1.246948e+00 2.505583e+21 6.439342e-02 0.000000e+00
4550 1.249695e+00 2.502774e+21 6.489313e-02 0.000000e+00
4560 1.252441e+00 2.499972e+21 6.522043e-02 0.000000e+00
4570 1.255188e+00 2.497176e+21 6.537591e-02 0.000000e+00
4580 1.257935e+00 2.494387e+21 6.536074e-02 0.000000e+00
4590 1.260681e+00 2.491604e+21 6.517656e-02 0.000000e+00
4600 1.263428e+00 2.488828e+21 6.482554e-02 0.000000e+00
4610 1.266174e+00 2.486058e+21 6.431032e-02 0.000000e+00
4620 1.268921e+00 2.483294e+21 6.363406e-02 0.000000e+00
4630 1.271667e+00 2.480536e+21 6.280038e-02 0.000000e+00
4640 1.274414e+00 2.477784e+21 6.181343e-02 0.000000e+00
4650 1.277161e+00 2.475037e+21 6.067787e-02 0.000000e+00
4660 1.279907e+00 2.472297e+21 5.939890e-02 0.000000e+00
4670 1.282654e+00 2.469562e+21 5.798230e-02 0.000000e+00
4680 1.285400e+00 2.466832e+21 5.643443e-02 0.000000e+00
4690 1.288147e+00 2.464108e+21 5.476231e-02 0.000000e+00
4700 1.290894e+00 2.461389e+21 5.297365e-02 0.000000e+00
4710 1.293640e+00 2.458675e+21 5.107694e-02 0.000000e+00
4720 1.296387e+00 2.455967e+21 4.908150e-02 0.000000e+00
4730 1.299133e+00 2.453263e+21 4.699764e-02 0.000000e+00
4740 1.301880e+00 2.450564e+21 4.483677e-02 0.000000e+00
4750 1.304626e+00 2.447869e+21 4.261160e-02 0.000000e+00
4760 1.307373e+00 2.445223e+21 4.033642e-02 0.000000e+00
4770 1.310120e+00 2.442586e+21 3.802750e-02 0.000000e+00
4780 1.312866e+00 2.439954e+21 3.570348e-02 0.000000e+00
4790 1.315613e+00 2.437353e+21 3.338599e-02 0.000000e+00
4800 1.318359e+00 2.434776e+21 3.110061e-02 0.000000e+00
4810 1.321106e+00 2.432204e+21 2.887786e-02 0.000000e+00
4820 1.323853e+00 2.429636e+21 2.675444e-02 0.000000e+00
4830 1.326599e+00 2.427073e+21 2.477455e-02 0.000000e+00
4840 1.329346e+00 2.424513e+21 2.299072e-02 0.000000e+00
4850 1.332092e+00 2.421956e+21 2.146330e-02 0.000000e+00
4860 1.334839e+00 2.419403e+21 2.025692e-02 0.000000e+00
4870 1.337585e+00 2.416854e+21 1.943253e-02 0.000000e+00
4880 1.340332e+00 2.414308e+21 1.903517e-02 0.000000e+00
4890 1.343079e+00 2.411766e+21 1.908129e-02 0.000000e+00
4900 1.345825e+00 2.409227e+21 1.955261e-02 0.000000e+00
4910 1.348572e+00 2.406692e+21 2.040053e-02 0.000000e+00
4920 1.351318e+00 2.404160e+21 2.155849e-02 0.000000e+00
4930 1.354065e+00 2.401631e+21 2.295536e-02 0.000000e+00
4940 1.356812e+00 2.399106e+21 2.452481e-02 0.000000e+00
4950 1.359558e+00 2.396584e+21 2.620965e-02 0.000000e+00
4960 1.362305e+00 2.394066e+21 2.796274e-02 0.000000e+00
4970 1.365051e+00 2.391551e+21 2.974597e-02 0.000000e+00
4980 1.367798e+00 2.389041e+21 3.152880e-02 0.000000e+00
4990 1.370544e+00 2.386533e+21 3.328673e-02 0.000000e+00
5000 1.373291e+00 2.384039e+21 3.499997e-02 0.000000e+00
5010 1.376038e+00 2.381580e+21 3.665243e-02 0.000000e+00
5020 1.378784e+00 2.379125e+21 3.823101e-02 0.000000e+00
5030 1.381531e+00 2.376691e+21 3.972482e-02 0.000000e+00
5040 1.384277e+00 2.374283e+21 4.112490e-02 0.000000e+00
5050 1.387024e+00 2.371879e+21 4.242386e-02 0.000000e+00
5060 1.389771e+00 2.369481e+21 4.361554e-02 0.000000e+00
5070 1.392517e+00 2.367087e+21 4.469490e-02 0.000000e+00
5080 1.395264e+00 2.364697e+21 4.565784e-02 0.000000e+00
5090 1.398010e+00 2.362313e+21 4.650110e-02 0.000000e+00
5100 1.400757e+00 2.359933e+21 4.722215e-02 0.000000e+00
5110 1.403503e+00 2.357558e+21 4.781913e-02 0.000000e+00
5120 1.406250e+00 2.355188e+21 4.829080e-02 0.000000e+00
5130 1.408997e+00 2.352823e+21 4.863648e-02 0.000000e+00
5140 1.411743e+00 2.350462e+21 4.885600e-02 0.000000e+00
5150 1.414490e+00 2.348106e+21 4.894971e-02 0.000000e+00
5160 1.417236e+00 2.345755e+21 4.891840e-02 0.000000e+00
5170 1.419983e+00 2.343408e+21 4.876335e-02 0.000000e+00
5180 1.422729e+00 2.341066e+21 4.848625e-02 0.000000e+00
5190 1.425476e+00 2.338729e+21 4.808925e-02 0.000000e+00
5200 1.428223e+00 2.336397e+21 4.757491e-02 0.000000e+00
5210 1.430969e+00 2.334070e+21 4.694623e-02 0.000000e+00
5220 1.433716e+00 2.331747e+21 4.620663e-02 0.000000e+00
5230 1.436462e+00 2.329428e+21 4.535997e-02 0.000000e+00
5240 1.439209e+00 2.327122e+21 4.441055e-02 0.000000e+00
5250 1.441956e+00 2.324844e+21 4.336317e-02 0.000000e+00
5260 1.444702e+00 2.322572e+21 4.222311e-02 0.000000e+00
5270 1.447449e+00 2.320315e+21 4.099616e-02 0.000000e+00
5280 1.450195e+00 2.318082e+21 3.968864e-02 0.000000e+00
5290 1.452942e+00 2.315853e+21 3.830756e-02 0.000000e+00
5300 1.455688e+00 2.313629e+21 3.686056e-02 0.000000e+00
5310 1.458435e+00 2.311410e+21 3.535605e-02 0.000000e+00
5320 1.461182e+00 2.309196e+21 3.380333e-02 0.000000e+00
5330 1.463928e+00 2.306986e+21 3.221277e-02 0.000000e+00
5340 1.466675e+00 2.304780e+21 3.059595e-02 0.000000e+00
5350 1.469421e+00 2.302579e+21 2.896599e-02 0.000000e+00
5360 1.472168e+00 2.300381e+21 2.733779e-02 0.000000e+00
5370 1.474915e+00 2.298188e+21 2.572849e-02 0.000000e+00
5380 1.477661e+00 2.295999e+21 2.415792e-02 0.000000e+00
5390 1.480408e+00 2.293814e+21 2.264910e-02 0.000000e+00
5400 1.483154e+00 2.291633e+21 2.122870e-02 0.000000e+00
5410 1.485901e+00 2.289456e+21 1.992727e-02 0.000000e+00
5420 1.488647e+00 2.287283e+21 1.877888e-02 0.000000e+00
5430 1.491394e+00 2.285113e+21 1.781968e-02 0.000000e+00
5440 1.494141e+00 2.282947e+21 1.708493e-02 0.000000e+00
5450 1.496887e+00 2.280785e+21 1.660444e-02 0.000000e+00
5460 1.499634e+00 2.278644e+21 1.639701e-02 0.000000e+00
5470 1.502380e+00 2.276513e+21 1.646618e-02 0.000000e+00
5480 1.505127e+00 2.274392e+21 1.679867e-02 0.000000e+00
5490 1.507874e+00 2.272292e+21 1.736697e-02 0.000000e+00
5500 1.510620e+00 2.270195e+21 1.813465e-02 0.000000e+00
5510 1.513367e+00 2.268102e+21 1.906180e-02 0.000000e+00
5520 1.516113e+00 2.266013e+21 2.010958e-02 0.000000e+00
5530 1.518860e+00 2.263928e+21 2.124277e-02 0.000000e+00
5540 1.521606e+00 2.261846e+21 2.243082e-02 0.000000e+00
5550 1.524353e+00 2.259768e+21 2.364789e-02 0.000000e+00
5560 1.527100e+00 2.257694e+21 2.487240e-02 0.000000e+00
5570 1.529846e+00 2.255624e+21 2.608645e-02 0.000000e+00
5580 1.532593e+00 2.253558e+21 2.727519e-02 0.000000e+00
5590 1.535339e+00 2.251495e+21 2.842627e-02 0.000000e+00
5600 1.538086e+00 2.249437e+21 2.952938e-02 0.000000e+00
5610 1.540833e+00 2.247382e+21 3.057591e-02 0.000000e+00
5620 1.543579e+00 2.245331e+21 3.155864e-02 0.000000e+00
5630 1.546326e+00 2.243284e+21 3.247152e-02 0.000000e+00
5640 1.549072e+00 2.241240e+21 3.330951e-02 0.000000e+00
5650 1.551819e+00 2.239201e+21 3.406841e-02 0.000000e+00
5660 1.554565e+00 2.237165e+21 3.474479e-02 0.000000e+00
5670 1.557312e+00 2.235134e+21 3.533588e-02 0.000000e+00
5680 1.560059e+00 2.233115e+21 3.583950e-02 0.000000e+00
5690 1.562805e+00 2.231109e+21 3.625402e-02 0.000000e+00
5700 1.565552e+00 2.229107e+21 3.657832e-02 0.000000e+00
5710 1.568298e+00 2.227125e+21 3.681172e-02 0.000000e+00
5720 1.571045e+00 2.225148e+21 3.695399e-02 0.000000e+00
5730 1.573792e+00 2.223175e+21 3.700533e-02 0.000000e+00
5740 1.576538e+00 2.221207e+21 3.696631e-02 0.000000e+00
5750 1.579285e+00 2.219242e+21 3.683788e-02 0.000000e+00
5760 1.582031e+00 2.217280e+21 3.662136e-02 0.000000e+00
5770 1.584778e+00 2.215323e+21 3.631845e-02 0.000000e+00
5780 1.587524e+00 2.213370e+21 3.593120e-02 0.000000e+00
5790 1.590271e+00 2.211420e+21 3.546199e-02 0.000000e+00
5800 1.593018e+00 2.209474e+21 3.491360e-02 0.000000e+00
5810 1.595764e+00 2.207531e+21 3.428913e-02 0.000000e+00
5820 1.598511e+00 2.205592e+21 3.359208e-02 0.000000e+00
5830 1.601257e+00 2.203657e+21 3.282631e-02 0.000000e+00
5840 1.604004e+00 2.201725e+21 3.199609e-02 0.000000e+00
5850 1.606750e+00 2.199797e+21 3.110611e-02 0.000000e+00
5860 1.609497e+00 2.197872e+21 3.016151e-02 0.000000e+00
5870 1.612244e+00 2.195951e+21 2.916794e-02 0.000000e+00
5880 1.614990e+00 2.194047e+21 2.813156e-02 0.000000e+00
5890 1.617737e+00 2.192146e+21 2.705921e-02 0.000000e+00
5900 1.620483e+00 2.190262e+21 2.595836e-02 0.000000e+00
5910 1.623230e+00 2.188381e+21 2.483734e-02 0.000000e+00
5920 1.625977e+00 2.186503e+21 2.370536e-02 0.000000e+00
5930 1.628723e+00 2.184629e+21 2.257274e-02 0.000000e+00
5940 1.631470e+00 2.182759e+21 2.145104e-02 0.000000e+00
5950 1.634216e+00 2.180891e+21 2.035326e-02 0.000000e+00
5960 1.636963e+00 2.179026e+21 1.929401e-02 0.000000e+00
5970 1.639709e+00 2.177165e+21 1.828964e-02 0.000000e+00
5980 1.642456e+00 2.175306e+21 1.735819e-02 0.000000e+00
5990 1.645203e+00 2.173451e+21 1.651915e-02 0.000000e+00
6000 1.647949e+00 2.171598e+21 1.579281e-02 0.000000e+00
6010 1.650696e+00 2.169749e+21 1.519904e-02 0.000000e+00
6020 1.653442e+00 2.167902e+21 1.475554e-02 0.000000e+00
6030 1.656189e+00 2.166058e+21 1.447575e-02 0.000000e+00
6040 1.658936e+00 2.164217e+21 1.436671e-02 0.000000e+00
6050 1.661682e+00 2.162379e+21 1.442777e-02 0.000000e+00
6060 1.664429e+00 2.160543e+21 1.465046e-02 0.000000e+00
6070 1.667175e+00 2.158719e+21 1.501965e-02 0.000000e+00
6080 1.669922e+00 2.156900e+21 1.551572e-02 0.000000e+00
6090 1.672668e+00 2.155092e+21 1.611673e-02 0.000000e+00
6100 1.675415e+00 2.153289e+21 1.680049e-02 0.000000e+00
6110 1.678162e+00 2.151490e+21 1.754592e-02 0.000000e+00
6120 1.680908e+00 2.149693e+21 1.833381e-02 0.000000e+00
6130 1.683655e+00 2.147899e+21 1.914718e-02 0.000000e+00
6140 1.686401e+00 2.146109e+21 1.997125e-02 0.000000e+00
6150 1.689148e+00 2.144321e+21 2.079332e-02 0.000000e+00
6160 1.691895e+00 2.142536e+21 2.160253e-02 0.000000e+00
6170 1.694641e+00 2.140755e+21 2.238960e-02 0.000000e+00
6180 1.697388e+00 2.138976e+21 2.314666e-02 0.000000e+00
6190 1.700134e+00 2.137200e+21 2.386700e-02 0.000000e+00
6200 1.702881e+00 2.135428e+21 2.454491e-02 0.000000e+00
6210 1.705627e+00 2.133658e+21 2.517556e-02 0.000000e+00
6220 1.708374e+00 2.131893e+21 2.575487e-02 0.000000e+00
6230 1.711121e+00 2.130138e+21 2.627943e-02 0.000000e+00
6240 1.713867e+00 2.128390e+21 2.674643e-02 0.000000e+00
6250 1.716614e+00 2.126648e+21 2.715356e-02 0.000000e+00
6260 1.719360e+00 2.124910e+21 2.749902e-02 0.000000e+00
6270 1.722107e+00 2.123175e+21 2.778141e-02 0.000000e+00
6280 1.724854e+00 2.121444e+21 2.799975e-02 0.000000e+00
6290 1.727600e+00 2.119715e+21 2.815344e-02 0.000000e+00
6300 1.730347e+00 2.117990e+21 2.824222e-02 0.000000e+00
6310 1.733093e+00 2.116267e+21 2.826619e-02 0.000000e+00
6320 1.735840e+00 2.114548e+21 2.822576e-02 0.000000e+00
6330 1.738586e+00 2.112832e+21 2.812164e-02 0.000000e+00
6340 1.741333e+00 2.111119e+21 2.795487e-02 0.000000e+00
6350 1.744080e+00 2.109409e+21 2.772675e-02 0.000000e+00
6360 1.746826e+00 2.107702e+21 2.743891e-02 0.000000e+00
6370 1.749573e+00 2.105998e+21 2.709324e-02 0.000000e+00
6380 1.752319e+00 2.104302e+21 2.669193e-02 0.000000e+00
6390 1.755066e+00 2.102610e+21 2.623748e-02 0.000000e+00
6400 1.757813e+00 2.100927e+21 2.573267e-02 0.000000e+00
6410 1.760559e+00 2.099247e+21 2.518060e-02 0.000000e+00
6420 1.763306e+00 2.097570e+21 2.458468e-02 0.000000e+00
6430 1.766052e+00 2.095896e+21 2.394868e-02 0.000000e+00
6440 1.768799e+00 2.094225e+21 2.327671e-02 0.000000e+00
6450 1.771545e+00 2.092557e+21 2.257328e-02 0.000000e+00
6460 1.774292e+00 2.090892e+21 2.184331e-02 0.000000e+00
6470 1.777039e+00 2.089230e+21 2.109220e-02 0.000000e+00
6480 1.779785e+00 2.087570e+21 2.032585e-02 0.000000e+00
6490 1.782532e+00 2.085914e+21 1.955075e-02 0.000000e+00
6500 1.785278e+00 2.084262e+21 1.877400e-02 0.000000e+00
6510 1.788025e+00 2.082617e+21 1.800340e-02 0.000000e+00
6520 1.790771e+00 2.080977e+21 1.724749e-02 0.000000e+00
6530 1.793518e+00 2.079340e+21 1.651562e-02 0.000000e+00
6540 1.796265e+00 2.077705e+21 1.581788e-02 0.000000e+00
6550 1.799011e+00 2.076073e+21 1.516508e-02 0.000000e+00
6560 1.801758e+00 2.074444e+21 1.456853e-02 0.000000e+00
6570 1.804504e+00 2.072817e+21 1.403972e-02 0.000000e+00
6580 1.807251e+00 2.071193e+21 1.358981e-02 0.000000e+00
6590 1.809998e+00 2.069572e+21 1.322892e-02 0.000000e+00
6600 1.812744e+00 2.067953e+21 1.296531e-02 0.000000e+00
6610 1.815491e+00 2.066337e+21 1.280451e-02 0.000000e+00
6620 1.818237e+00 2.064725e+21 1.274867e-02 0.000000e+00
6630 1.820984e+00 2.063117e+21 1.279623e-02 0.000000e+00
6640 1.823730e+00 2.061514e+21 1.294199e-02 0.000000e+00
6650 1.826477e+00 2.059914e+21 1.317768e-02 0.000000e+00
6660 1.829224e+00 2.058316e+21 1.349273e-02 0.000000e+00
6670 1.831970e+00 2.056721e+21 1.387522e-02 0.000000e+00
6680 1.834717e+00 2.055128e+21 1.431272e-02 0.000000e+00
6690 1.837463e+00 2.053538e+21 1.479294e-02 0.000000e+00
6700 1.840210e+00 2.051950e+21 1.530426e-02 0.000000e+00
6710 1.842957e+00 2.050367e+21 1.583593e-02 0.000000e+00
6720 1.845703e+00 2.048788e+21 1.637825e-02 0.000000e+00
6730 1.848450e+00 2.047211e+21 1.692259e-02 0.000000e+00
6740 1.851196e+00 2.045637e+21 1.746133e-02 0.000000e+00
6750 1.853943e+00 2.044066e+21 1.798779e-02 0.000000e+00
6760 1.856689e+00 2.042497e+21 1.849614e-02 0.000000e+00
6770 1.859436e+00 2.040931e+21 1.898134e-02 0.000000e+00
6780 1.862183e+00 2.039367e+21 1.943903e-02 0.000000e+00
6790 1.864929e+00 2.037806e+21 1.986547e-02 0.000000e+00
6800 1.867676e+00 2.036249e+21 2.025746e-02 0.000000e+00
6810 1.870422e+00 2.034695e+21 2.061229e-02 0.000000e+00
6820 1.873169e+00 2.033143e+21 2.092770e-02 0.000000e+00
6830 1.875916e+00 2.031594e+21 2.120185e-02 0.000000e+00
6840 1.878662e+00 2.030049e+21 2.143324e-02 0.000000e+00
6850 1.881409e+00 2.028506e+21 2.162075e-02 0.000000e+00
6860 1.884155e+00 2.026965e+21 2.176354e-02 0.000000e+00
6870 1.886902e+00 2.025428e+21 2.186109e-02 0.000000e+00
6880 1.889648e+00 2.023892e+21 2.191318e-02 0.000000e+00
6890 1.892395e+00 2.022360e+21 2.191983e-02 0.000000e+00
6900 1.895142e+00 2.020830e+21 2.188134e-02 0.000000e+00
6910 1.897888e+00 2.019303e+21 2.179824e-02 0.000000e+00
6920 1.900635e+00 2.017778e+21 2.167134e-02 0.000000e+00
6930 1.903381e+00 2.016255e+21 2.150164e-02 0.000000e+00
6940 1.906128e+00 2.014736e+21 2.129042e-02 0.000000e+00
6950 1.908875e+00 2.013218e+21 2.103916e-02 0.000000e+00
6960 1.911621e+00 2.011703e+21 2.074959e-02 0.000000e+00
6970 1.914368e+00 2.010191e+21 2.042368e-02 0.000000e+00
6980 1.917114e+00 2.008681e+21 2.006362e-02 0.000000e+00
6990 1.919861e+00 2.007173e+21 1.967185e-02 0.000000e+00
7000 1.922607e+00 2.005668e+21 1.925107e-02 0.000000e+00
7010 1.925354e+00 2.004165e+21 1.880424e-02 0.000000e+00
7020 1.928101e+00 2.002665e+21 1.833458e-02 0.000000e+00
7030 1.930847e+00 2.001167e+21 1.784561e-02 0.000000e+00
7040 1.933594e+00 1.999671e+21 1.734115e-02 0.000000e+00
7050 1.936340e+00 1.998177e+21 1.682534e-02 0.000000e+00
7060 1.939087e+00 1.996686e+21 1.630267e-02 0.000000e+00
7070 1.941833e+00 1.995197e+21 1.577798e-02 0.000000e+00
7080 1.944580e+00 1.993710e+21 1.525646e-02 0.000000e+00
7090 1.947327e+00 1.992226e+21 1.474370e-02 0.000000e+00
7100 1.950073e+00 1.990744e+21 1.424562e-02 0.000000e+00
7110 1.952820e+00 1.989264e+21 1.376849e-02 0.000000e+00
7120 1.955566e+00 1.987786e+21 1.331881e-02 0.000000e+00
7130 1.958313e+00 1.986310e+21 1.290320e-02 0.000000e+00
7140 1.961060e+00 1.984836e+21 1.252826e-02 0.000000e+00
7150 1.963806e+00 1.983365e+21 1.220031e-02 0.000000e+00
7160 1.966553e+00 1.981895e+21 1.192509e-02 0.000000e+00
7170 1.969299e+00 1.980428e+21 1.170746e-02 0.000000e+00
7180 1.972046e+00 1.978963e+21 1.155104e-02 0.000000e+00
7190 1.974792e+00 1.977499e+21 1.145791e-02 0.000000e+00
7200 1.977539e+00 1.976038e+21 1.142847e-02 0.000000e+00
7210 1.980286e+00 1.974579e+21 1.146131e-02 0.000000e+00
7220 1.983032e+00 1.973122e+21 1.155333e-02 0.000000e+00
7230 1.985779e+00 1.971667e+21 1.169998e-02 0.000000e+00
7240 1.988525e+00 1.970215e+21 1.189557e-02 0.000000e+00
7250 1.991272e+00 1.968764e+21 1.213362e-02 0.000000e+00
7260 1.994019e+00 1.967315e+21 1.240724e-02 0.000000e+00
7270 1.996765e+00 1.965868e+21 1.270941e-02 0.000000e+00
7280 1.999512e+00 1.964423e+21 1.303328e-02 0.000000e+00
7290 2.002258e+00 1.962980e+21 1.337227e-02 0.000000e+00
7300 2.005005e+00 1.961540e+21 1.372025e-02 0.000000e+00
7310 2.007751e+00 1.960101e+21 1.407158e-02 0.000000e+00
7320 2.010498e+00 1.958664e+21 1.442114e-02 0.000000e+00
7330 2.013245e+00 1.957229e+21 1.476431e-02 0.000000e+00
7340 2.015991e+00 1.955797e+21 1.509697e-02 0.000000e+00
7350 2.018738e+00 1.954366e+21 1.541547e-02 0.000000e+00
7360 2.021484e+00 1.952937e+21 1.571662e-02 0.000000e+00
7370 2.024231e+00 1.951511e+21 1.599760e-02 0.000000e+00
7380 2.026978e+00 1.950086e+21 1.625600e-02 0.000000e+00
7390 2.029724e+00 1.948663e+21 1.648975e-02 0.000000e+00
7400 2.032471e+00 1.947243e+21 1.669710e-02 0.000000e+00
7410 2.035217e+00 1.945824e+21 1.687659e-02 0.000000e+00
7420 2.037964e+00 1.944408e+21 1.702706e-02 0.000000e+00
7430 2.040710e+00 1.942993e+21 1.714760e-02 0.000000e+00
7440 2.043457e+00 1.941580e+21 1.723754e-02 0.000000e+00
7450 2.046204e+00 1.940170e+21 1.729646e-02 0.000000e+00
7460 2.048950e+00 1.938761e+21 1.732414e-02 0.000000e+00
7470 2.051697e+00 1.937354e+21 1.732060e-02 0.000000e+00
7480 2.054443e+00 1.935950e+21 1.728604e-02 0.000000e+00
7490 2.057190e+00 1.934547e+21 1.722087e-02 0.000000e+00
7500 2.059937e+00 1.933146e+21 1.712569e-02 0.000000e+00
7510 2.062683e+00 1.931747e+21 1.700129e-02 0.000000e+00
7520 2.065430e+00 1.930350e+21 1.684864e-02 0.000000e+00
7530 2.068176e+00 1.928955e+21 1.666889e-02 0.000000e+00
7540 2.070923e+00 1.927562e+21 1.646339e-02 0.000000e+00
7550 2.073669e+00 1.926171e+21 1.623366e-02 0.000000e+00
7560 2.076416e+00 1.924782e+21 1.598139e-02 0.000000e+00
7570 2.079163e+00 1.923394e+21 1.570846e-02 0.000000e+00
7580 2.081909e+00 1.922009e+21 1.541697e-02 0.000000e+00
7590 2.084656e+00 1.920625e+21 1.510915e-02 0.000000e+00
7600 2.087402e+00 1.919243e+21 1.478747e-02 0.000000e+00
7610 2.090149e+00 1.917863e+21 1.445456e-02 0.000000e+00
7620 2.092896e+00 1.916485e+21 1.411328e-02 0.000000e+00
7630 2.095642e+00 1.915109e+21 1.376667e-02 0.000000e+00
7640 2.098389e+00 1.913735e+21 1.341795e-02 0.000000e+00
7650 2.101135e+00 1.912362e+21 1.307056e-02 0.000000e+00
7660 2.103882e+00 1.910991e+21 1.272809e-02 0.000000e+00
7670 2.106628e+00 1.909622e+21 1.239428e-02 0.000000e+00
7680 2.109375e+00 1.908255e+21 1.207300e-02 0.000000e+00
7690 2.112122e+00 1.906889e+21 1.176818e-02 0.000000e+00
7700 2.114868e+00 1.905525e+21 1.148374e-02 0.000000e+00
7710 2.117615e+00 1.904163e+21 1.122351e-02 0.000000e+00
7720 2.120361e+00 1.902803e+21 1.099111e-02 0.000000e+00
7730 2.123108e+00 1.901444e+21 1.078984e-02 0.000000e+00
7740 2.125854e+00 1.900087e+21 1.062253e-02 0.000000e+00
7750 2.128601e+00 1.898732e+21 1.049141e-02 0.000000e+00
7760 2.131348e+00 1.897378e+21 1.039801e-02 0.000000e+00
7770 2.134094e+00 1.896026e+21 1.034301e-02 0.000000e+00
7780 2.136841e+00 1.894676e+21 1.032626e-02 0.000000e+00
7790 2.139587e+00 1.893328e+21 1.034674e-02 0.000000e+00
7800 2.142334e+00 1.891981e+21 1.040263e-02 0.000000e+00
7810 2.145081e+00 1.890636e+21 1.049139e-02 0.000000e+00
7820 2.147827e+00 1.889292e+21 1.060992e-02 0.000000e+00
7830 2.150574e+00 1.887950e+21 1.075467e-02 0.000000e+00
7840 2.153320e+00 1.886610e+21 1.092182e-02 0.000000e+00
7850 2.156067e+00 1.885271e+21 1.110740e-02 0.000000e+00
7860 2.158813e+00 1.883934e+21 1.130744e-02 0.000000e+00
7870 2.161560e+00 1.882599e+21 1.151801e-02 0.000000e+00
7880 2.164307e+00 1.881265e+21 1.173536e-02 0.000000e+00
7890 2.167053e+00 1.879933e+21 1.195594e-02 0.000000e+00
7900 2.169800e+00 1.878603e+21 1.217643e-02 0.000000e+00
7910 2.172546e+00 1.877274e+21 1.239378e-02 0.000000e+00
7920 2.175293e+00 1.875947e+21 1.260519e-02 0.000000e+00
7930 2.178040e+00 1.874622e+21 1.280816e-02 0.000000e+00
7940 2.180786e+00 1.873298e+21 1.300042e-02 0.000000e+00
7950 2.183533e+00 1.871976e+21 1.317997e-02 0.000000e+00
7960 2.186279e+00 1.870655e+21 1.334505e-02 0.000000e+00
7970 2.189026e+00 1.869336e+21 1.349415e-02 0.000000e+00
7980 2.191772e+00 1.868019e+21 1.362596e-02 0.000000e+00
7990 2.194519e+00 1.866704e+21 1.373940e-02 0.000000e+00
8000 2.197266e+00 1.865390e+21 1.383358e-02 0.000000e+00
8010 2.200012e+00 1.864077e+21 1.390781e-02 0.000000e+00
8020 2.202759e+00 1.862766e+21 1.396158e-02 0.000000e+00
8030 2.205505e+00 1.861457e+21 1.399454e-02 0.000000e+00
8040 2.208252e+00 1.860150e+21 1.400654e-02 0.000000e+00
8050 2.210999e+00 1.858844e+21 1.399756e-02 0.000000e+00
8060 2.213745e+00 1.857539e+21 1.396777e-02 0.000000e+00
8070 2.216492e+00 1.856237e+21 1.391746e-02 0.000000e+00
8080 2.219238e+00 1.854935e+21 1.384708e-02 0.000000e+00
8090 2.221985e+00 1.853636e+21 1.375723e-02 0.000000e+00
8100 2.224731e+00 1.852338e+21 1.364864e-02 0.000000e+00
8110 2.227478e+00 1.851041e+21 1.352219e-02 0.000000e+00
8120 2.230225e+00 1.849747e+21 1.337889e-02 0.000000e+00
8130 2.232971e+00 1.848453e+21 1.321989e-02 0.000000e+00
8140 2.235718e+00 1.847161e+21 1.304645e-02 0.000000e+00
8150 2.238464e+00 1.845871e+21 1.285998e-02 0.000000e+00
8160 2.241211e+00 1.844583e+21 1.266203e-02 0.000000e+00
8170 2.243958e+00 1.843295e+21 1.245424e-02 0.000000e+00
8180 2.246704e+00 1.842010e+21 1.223842e-02 0.000000e+00
8190 2.249451e+00 1.840726e+21 1.201644e-02 0.000000e+00
8200 2.252197e+00 1.839443e+21 1.179034e-02 0.000000e+00
8210 2.254944e+00 1.838162e+21 1.156223e-02 0.000000e+00
8220 2.257690e+00 1.836883e+21 1.133432e-02 0.000000e+00
8230 2.260437e+00 1.835605e+21 1.110891e-02 0.000000e+00
8240 2.263184e+00 1.834328e+21 1.088833e-02 0.000000e+00
8250 2.265930e+00 1.833053e+21 1.067496e-02 0.000000e+00
8260 2.268677e+00 1.831779e+21 1.047119e-02 0.000000e+00
8270 2.271423e+00 1.830507e+21 1.027935e-02 0.000000e+00
8280 2.274170e+00 1.829236e+21 1.010170e-02 0.000000e+00
8290 2.276917e+00 1.827967e+21 9.940353e-03 0.000000e+00
8300 2.279663e+00 1.826699e+21 9.797233e-03 0.000000e+00
8310 2.282410e+00 1.825433e+21 9.674011e-03 0.000000e+00
8320 2.285156e+00 1.824168e+21 9.572051e-03 0.000000e+00
8330 2.287903e+00 1.822904e+21 9.492359e-03 0.000000e+00
8340 2.290649e+00 1.821642e+21 9.435539e-03 0.000000e+00
8350 2.293396e+00 1.820381e+21 9.401771e-03 0.000000e+00
8360 2.296143e+00 1.819122e+21 9.390801e-03 0.000000e+00
8370 2.298889e+00 1.817864e+21 9.401950e-03 0.000000e+00
8380 2.301636e+00 1.816608e+21 9.434144e-03 0.000000e+00
8390 2.304382e+00 1.815352e+21 9.485954e-03 0.000000e+00
8400 2.307129e+00 1.814099e+21 9.555653e-03 0.000000e+00
8410 2.309875e+00 1.812846e+21 9.641280e-03 0.000000e+00
8420 2.312622e+00 1.811596e+21 9.740700e-03 0.000000e+00
8430 2.315369e+00 1.810346e+21 9.851668e-03 0.000000e+00
8440 2.318115e+00 1.809098e+21 9.971889e-03 0.000000e+00
8450 2.320862e+00 1.807851e+21 1.009907e-02 0.000000e+00
8460 2.323608e+00 1.806606e+21 1.023095e-02 0.000000e+00
8470 2.326355e+00 1.805362e+21 1.036536e-02 0.000000e+00
8480 2.329102e+00 1.804119e+21 1.050023e-02 0.000000e+00
8490 2.331848e+00 1.802878e+21 1.063360e-02 0.000000e+00
8500 2.334595e+00 1.801638e+21 1.076366e-02 0.000000e+00
8510 2.337341e+00 1.800400e+21 1.088874e-02 0.000000e+00
8520 2.340088e+00 1.799163e+21 1.100733e-02 0.000000e+00
8530 2.342834e+00 1.797927e+21 1.111804e-02 0.000000e+00
8540 2.345581e+00 1.796693e+21 1.121968e-02 0.000000e+00
8550 2.348328e+00 1.795460e+21 1.131117e-02 0.000000e+00
8560 2.351074e+00 1.794228e+21 1.139159e-02 0.000000e+00
8570 2.353821e+00 1.792998e+21 1.146017e-02 0.000000e+00
8580 2.356567e+00 1.791769e+21 1.151626e-02 0.000000e+00
8590 2.359314e+00 1.790542e+21 1.155937e-02 0.000000e+00
8600 2.362061e+00 1.789316e+21 1.158912e-02 0.000000e+00
8610 2.364807e+00 1.788091e+21 1.160526e-02 0.000000e+00
8620 2.367554e+00 1.786867e+21 1.160768e-02 0.000000e+00
8630 2.370300e+00 1.785645e+21 1.159636e-02 0.000000e+00
8640 2.373047e+00 1.784425e+21 1.157141e-02 0.000000e+00
8650 2.375793e+00 1.783205e+21 1.153307e-02 0.000000e+00
8660 2.378540e+00 1.781987e+21 1.148165e-02 0.000000e+00
8670 2.381287e+00 1.780771e+21 1.141760e-02 0.000000e+00
8680 2.384033e+00 1.779555e+21 1.134146e-02 0.000000e+00
8690 2.386780e+00 1.778341e+21 1.125387e-02 0.000000e+00
8700 2.389526e+00 1.777129e+21 1.115555e-02 0.000000e+00
8710 2.392273e+00 1.775917e+21 1.104735e-02 0.000000e+00
8720 2.395020e+00 1.774707e+21 1.093018e-02 0.000000e+00
8730 2.397766e+00 1.773499e+21 1.080505e-02 0.000000e+00
8740 2.400513e+00 1.772291e+21 1.067305e-02 0.000000e+00
8750 2.403259e+00 1.771085e+21 1.053533e-02 0.000000e+00
8760 2.406006e+00 1.769880e+21 1.039315e-02 0.000000e+00
8770 2.408752e+00 1.768677e+21 1.024779e-02 0.000000e+00
8780 2.411499e+00 1.767474e+21 1.010063e-02 0.000000e+00
8790 2.414246e+00 1.766274e+21 9.953057e-03 0.000000e+00
8800 2.416992e+00 1.765074e+21 9.806514e-03 0.000000e+00
8810 2.419739e+00 1.763876e+21 9.662457e-03 0.000000e+00
8820 2.422485e+00 1.762678e+21 9.522347e-03 0.000000e+00
8830 2.425232e+00 1.761483e+21 9.387626e-03 0.000000e+00
8840 2.427979e+00 1.760288e+21 9.259702e-03 0.000000e+00
8850 2.430725e+00 1.759095e+21 9.139917e-03 0.000000e+00
8860 2.433472e+00 1.757903e+21 9.029530e-03 0.000000e+00
8870 2.436218e+00 1.756712e+21 8.929684e-03 0.000000e+00
8880 2.438965e+00 1.755522e+21 8.841384e-03 0.000000e+00
8890 2.441711e+00 1.754334e+21 8.765470e-03 0.000000e+00
8900 2.444458e+00 1.753147e+21 8.702595e-03 0.000000e+00
8910 2.447205e+00 1.751961e+21 8.653207e-03 0.000000e+00
8920 2.449951e+00 1.750776e+21 8.617535e-03 0.000000e+00
8930 2.452698e+00 1.749593e+21 8.595586e-03 0.000000e+00
8940 2.455444e+00 1.748410e+21 8.587142e-03 0.000000e+00
8950 2.458191e+00 1.747230e+21 8.591768e-03 0.000000e+00
8960 2.460938e+00 1.746050e+21 8.608829e-03 0.000000e+00
8970 2.463684e+00 1.744871e+21 8.637509e-03 0.000000e+00
8980 2.466431e+00 1.743694e+21 8.676831e-03 0.000000e+00
8990 2.469177e+00 1.742518e+21 8.725693e-03 0.000000e+00
9000 2.471924e+00 1.741343e+21 8.782887e-03 0.000000e+00
9010 2.474670e+00 1.740169e+21 8.847139e-03 0.000000e+00
9020 2.477417e+00 1.738997e+21 8.917126e-03 0.000000e+00
9030 2.480164e+00 1.737825e+21 8.991511e-03 0.000000e+00
9040 2.482910e+00 1.736655e+21 9.068958e-03 0.000000e+00
9050 2.485657e+00 1.735486e+21 9.148161e-03 0.000000e+00
9060 2.488403e+00 1.734319e+21 9.227852e-03 0.000000e+00
9070 2.491150e+00 1.733152e+21 9.306823e-03 0.000000e+00
9080 2.493896e+00 1.731987e+21 9.383932e-03 0.000000e+00
9090 2.496643e+00 1.730823e+21 9.458113e-03 0.000000e+00
9100 2.499390e+00 1.729660e+21 9.528383e-03 0.000000e+00
9110 2.502136e+00 1.728498e+21 9.593846e-03 0.000000e+00
9120 2.504883e+00 1.727338e+21 9.653697e-03 0.000000e+00
9130 2.507629e+00 1.726178e+21 9.707223e-03 0.000000e+00
9140 2.510376e+00 1.725020e+21 9.753801e-03 0.000000e+00
9150 2.513123e+00 1.723863e+21 9.792904e-03 0.000000e+00
9160 2.515869e+00 1.722707e+21 9.824095e-03 0.000000e+00
9170 2.518616e+00 1.721553e+21 9.847028e-03 0.000000e+00
9180 2.521362e+00 1.720399e+21 9.861447e-03 0.000000e+00
9190 2.524109e+00 1.719247e+21 9.867181e-03 0.000000e+00
9200 2.526855e+00 1.718096e+21 9.864149e-03 0.000000e+00
9210 2.529602e+00 1.716946e+21 9.852348e-03 0.000000e+00
9220 2.532349e+00 1.715797e+21 9.831860e-03 0.000000e+00
9230 2.535095e+00 1.714650e+21 9.802845e-03 0.000000e+00
9240 2.537842e+00 1.713503e+21 9.765540e-03 0.000000e+00
9250 2.540588e+00 1.712358e+21 9.720253e-03 0.000000e+00
9260 2.543335e+00 1.711214e+21 9.667368e-03 0.000000e+00
9270 2.546082e+00 1.710071e+21 9.607332e-03 0.000000e+00
9280 2.548828e+00 1.708929e+21 9.540661e-03 0.000000e+00
9290 2.551575e+00 1.707789e+21 9.467932e-03 0.000000e+00
9300 2.554321e+00 1.706649e+21 9.389778e-03 0.000000e+00
9310 2.557068e+00 1.705511e+21 9.306889e-03 0.000000e+00
9320 2.559814e+00 1.704374e+21 9.220002e-03 0.000000e+00
9330 2.562561e+00 1.703238e+21 9.129899e-03 0.000000e+00
9340 2.565308e+00 1.702103e+21 9.037399e-03 0.000000e+00
9350 2.568054e+00 1.700969e+21 8.943354e-03 0.000000e+00
9360 2.570801e+00 1.699836e+21 8.848639e-03 0.000000e+00
9370 2.573547e+00 1.698705e+21 8.754144e-03 0.000000e+00
9380 2.576294e+00 1.697574e+21 8.660768e-03 0.000000e+00
9390 2.579041e+00 1.696445e+21 8.569401e-03 0.000000e+00
9400 2.581787e+00 1.695317e+21 8.480923e-03 0.000000e+00
9410 2.584534e+00 1.694190e+21 8.396183e-03 0.000000e+00
9420 2.587280e+00 1.693064e+21 8.315993e-03 0.000000e+00
9430 2.590027e+00 1.691939e+21 8.241110e-03 0.000000e+00
9440 2.592773e+00 1.690815e+21 8.172227e-03 0.000000e+00
9450 2.595520e+00 1.689692e+21 8.109957e-03 0.000000e+00
9460 2.598267e+00 1.688571e+21 8.054826e-03 0.000000e+00
9470 2.601013e+00 1.687450e+21 8.007257e-03 0.000000e+00
9480 2.603760e+00 1.686331e+21 7.967566e-03 0.000000e+00
9490 2.606506e+00 1.685213e+21 7.935950e-03 0.000000e+00
9500 2.609253e+00 1.684095e+21 7.912492e-03 0.000000e+00
9510 2.612000e+00 1.682979e+21 7.897152e-03 0.000000e+00
9520 2.614746e+00 1.681864e+21 7.889770e-03 0.000000e+00
9530 2.617493e+00 1.680750e+21 7.890077e-03 0.000000e+00
9540 2.620239e+00 1.679637e+21 7.897694e-03 0.000000e+00
9550 2.622986e+00 1.678526e+21 7.912148e-03 0.000000e+00
9560 2.625732e+00 1.677415e+21 7.932881e-03 0.000000e+00
9570 2.628479e+00 1.676305e+21 7.959262e-03 0.000000e+00
9580 2.631226e+00 1.675196e+21 7.990604e-03 0.000000e+00
9590 2.633972e+00 1.674089e+21 8.026174e-03 0.000000e+00
9600 2.636719e+00 1.672982e+21 8.065210e-03 0.000000e+00
9610 2.639465e+00 1.671877e+21 8.106931e-03 0.000000e+00
9620 2.642212e+00 1.670773e+21 8.150555e-03 0.000000e+00
9630 2.644958e+00 1.669669e+21 8.195303e-03 0.000000e+00
9640 2.647705e+00 1.668567e+21 8.240415e-03 0.000000e+00
9650 2.650452e+00 1.667466e+21 8.285157e-03 0.000000e+00
9660 2.653198e+00 1.666366e+21 8.328829e-03 0.000000e+00
9670 2.655945e+00 1.665267e+21 8.370769e-03 0.000000e+00
9680 2.658691e+00 1.664169e+21 8.410361e-03 0.000000e+00
9690 2.661438e+00 1.663072e+21 8.447039e-03 0.000000e+00
9700 2.664185e+00 1.661976e+21 8.480290e-03 0.000000e+00
9710 2.666931e+00 1.660881e+21 8.509655e-03 0.000000e+00
9720 2.669678e+00 1.659787e+21 8.534733e-03 0.000000e+00
9730 2.672424e+00 1.658694e+21 8.555180e-03 0.000000e+00
9740 2.675171e+00 1.657603e+21 8.570713e-03 0.000000e+00
9750 2.677917e+00 1.656512e+21 8.581104e-03 0.000000e+00
9760 2.680664e+00 1.655422e+21 8.586187e-03 0.000000e+00
9770 2.683411e+00 1.654334e+21 8.585853e-03 0.000000e+00
9780 2.686157e+00 1.653246e+21 8.580050e-03 0.000000e+00
9790 2.688904e+00 1.652160e+21 8.568781e-03 0.000000e+00
9800 2.691650e+00 1.651074e+21 8.552105e-03 0.000000e+00
9810 2.694397e+00 1.649990e+21 8.530135e-03 0.000000e+00
9820 2.697144e+00 1.648906e+21 8.503032e-03 0.000000e+00
9830 2.699890e+00 1.647824e+21 8.471010e-03 0.000000e+00
9840 2.702637e+00 1.646742e+21 8.434327e-03 0.000000e+00
9850 2.705383e+00 1.645662e+21 8.393287e-03 0.000000e+00
9860 2.708130e+00 1.644583e+21 8.348236e-03 0.000000e+00
9870 2.710876e+00 1.643505e+21 8.299558e-03 0.000000e+00
9880 2.713623e+00 1.642427e+21 8.247673e-03 0.000000e+00
9890 2.716370e+00 1.641351e+21 8.193033e-03 0.000000e+00
9900 2.719116e+00 1.640276e+21 8.136118e-03 0.000000e+00
9910 2.721863e+00 1.639202e+21 8.077432e-03 0.000000e+00
9920 2.724609e+00 1.638128e+21 8.017497e-03 0.000000e+00
9930 2.727356e+00 1.637056e+21 7.956849e-03 0.000000e+00
9940 2.730103e+00 1.635985e+21 7.896033e-03 0.000000e+00
9950 2.732849e+00 1.634915e+21 7.835597e-03 0.000000e+00
9960 2.735596e+00 1.633845e+21 7.776083e-03 0.000000e+00
9970 2.738342e+00 1.632777e+21 7.718026e-03 0.000000e+00
9980 2.741089e+00 1.631710e+21 7.661942e-03 0.000000e+00
9990 2.743835e+00 1.630644e+21 7.608322e-03 0.000000e+00
10000 2.746582e+00 1.629579e+21 7.557630e-03 0.000000e+00
10010 2.749329e+00 1.628514e+21 7.510288e-03 0.000000e+00
10020 2.752075e+00 1.627451e+21 7.466678e-03 0.000000e+00
10030 2.754822e+00 1.626389e+21 7.427131e-03 0.000000e+00
10040 2.757568e+00 1.625327e+21 7.391921e-03 0.000000e+00
10050 2.760315e+00 1.624267e+21 7.361266e-03 0.000000e+00
10060 2.763062e+00 1.623208e+21 7.335320e-03 0.000000e+00
10070 2.765808e+00 1.622149e+21 7.314172e-03 0.000000e+00
10080 2.768555e+00 1.621092e+21 7.297843e-03 0.000000e+00
10090 2.771301e+00 1.620036e+21 7.286293e-03 0.000000e+00
10100 2.774048e+00 1.618980e+21 7.279414e-03 0.000000e+00
10110 2.776794e+00 1.617926e+21 7.277039e-03 0.000000e+00
10120 2.779541e+00 1.616872e+21 7.278943e-03 0.000000e+00
10130 2.782288e+00 1.615820e+21 7.284849e-03 0.000000e+00
10140 2.785034e+00 1.614768e+21 7.294433e-03 0.000000e+00
10150 2.787781e+00 1.613717e+21 7.307331e-03 0.000000e+00
10160 2.790527e+00 1.612668e+21 7.323148e-03 0.000000e+00
10170 2.793274e+00 1.611619e+21 7.341459e-03 0.000000e+00
10180 2.796021e+00 1.610571e+21 7.361824e-03 0.000000e+00
10190 2.798767e+00 1.609524e+21 7.383787e-03 0.000000e+00
10200 2.801514e+00 1.608479e+21 7.406890e-03 0.000000e+00
10210 2.804260e+00 1.607434e+21 7.430674e-03 0.000000e+00
10220 2.807007e+00 1.606390e+21 7.454686e-03 0.000000e+00
10230 2.809753e+00 1.605347e+21 7.478489e-03 0.000000e+00
10240 2.812500e+00 1.604305e+21 7.501660e-03 0.000000e+00
10250 2.815247e+00 1.603264e+21 7.523797e-03 0.000000e+00
10260 2.817993e+00 1.602224e+21 7.544525e-03 0.000000e+00
10270 2.820740e+00 1.601184e+21 7.563495e-03 0.000000e+00
10280 2.823486e+00 1.600146e+21 7.580391e-03 0.000000e+00
10290 2.826233e+00 1.599109e+21 7.594927e-03 0.000000e+00
10300 2.828979e+00 1.598073e+21 7.606853e-03 0.000000e+00
10310 2.831726e+00 1.597037e+21 7.615955e-03 0.000000e+00
10320 2.834473e+00 1.596003e+21 7.622055e-03 0.000000e+00
10330 2.837219e+00 1.594969e+21 7.625012e-03 0.000000e+00
10340 2.839966e+00 1.593937e+21 7.624722e-03 0.000000e+00
10350 2.842712e+00 1.592905e+21 7.621119e-03 0.000000e+00
10360 2.845459e+00 1.591874e+21 7.614172e-03 0.000000e+00
10370 2.848206e+00 1.590844e+21 7.603889e-03 0.000000e+00
10380 2.850952e+00 1.589816e+21 7.590310e-03 0.000000e+00
10390 2.853699e+00 1.588788e+21 7.573511e-03 0.000000e+00
10400 2.856445e+00 1.587761e+21 7.553602e-03 0.000000e+00
10410 2.859192e+00 1.586735e+21 7.530723e-03 0.000000e+00
10420 2.861938e+00 1.585709e+21 7.505044e-03 0.000000e+00
10430 2.864685e+00 1.584685e+21 7.476762e-03 0.000000e+00
10440 2.867432e+00 1.583662e+21 7.446102e-03 0.000000e+00
10450 2.870178e+00 1.582640e+21 7.413310e-03 0.000000e+00
10460 2.872925e+00 1.581618e+21 7.378656e-03 0.000000e+00
10470 2.875671e+00 1.580598e+21 7.342425e-03 0.000000e+00
10480 2.878418e+00 1.579578e+21 7.304921e-03 0.000000e+00
10490 2.881165e+00 1.578559e+21 7.266456e-03 0.000000e+00
10500 2.883911e+00 1.577541e+21 7.227354e-03 0.000000e+00
10510 2.886658e+00 1.576524e+21 7.187944e-03 0.000000e+00
10520 2.889404e+00 1.575508e+21 7.148557e-03 0.000000e+00
10530 2.892151e+00 1.574493e+21 7.109520e-03 0.000000e+00
10540 2.894897e+00 1.573479e+21 7.071158e-03 0.000000e+00
10550 2.897644e+00 1.572466e+21 7.033783e-03 0.000000e+00
10560 2.900391e+00 1.571454e+21 6.997696e-03 0.000000e+00
10570 2.903137e+00 1.570442e+21 6.963179e-03 0.000000e+00
10580 2.905884e+00 1.569431e+21 6.930494e-03 0.000000e+00
10590 2.908630e+00 1.568422e+21 6.899877e-03 0.000000e+00
10600 2.911377e+00 1.567413e+21 6.871540e-03 0.000000e+00
10610 2.914124e+00 1.566405e+21 6.845661e-03 0.000000e+00
10620 2.916870e+00 1.565398e+21 6.822388e-03 0.000000e+00
10630 2.919617e+00 1.564392e+21 6.801831e-03 0.000000e+00
10640 2.922363e+00 1.563387e+21 6.784068e-03 0.000000e+00
10650 2.925110e+00 1.562382e+21 6.769137e-03 0.000000e+00
10660 2.927856e+00 1.561379e+21 6.757042e-03 0.000000e+00
10670 2.930603e+00 1.560376e+21 6.747749e-03 0.000000e+00
10680 2.933350e+00 1.559374e+21 6.741188e-03 0.000000e+00
10690 2.936096e+00 1.558374e+21 6.737256e-03 0.000000e+00
10700 2.938843e+00 1.557374e+21 6.735820e-03 0.000000e+00
10710 2.941589e+00 1.556375e+21 6.736716e-03 0.000000e+00
10720 2.944336e+00 1.555376e+21 6.739756e-03 0.000000e+00
10730 2.947083e+00 1.554379e+21 6.744728e-03 0.000000e+00
10740 2.949829e+00 1.553383e+21 6.751401e-03 0.000000e+00
10750 2.952576e+00 1.552387e+21 6.759530e-03 0.000000e+00
10760 2.955322e+00 1.551392e+21 6.768857e-03 0.000000e+00
10770 2.958069e+00 1.550398e+21 6.779119e-03 0.000000e+00
10780 2.960815e+00 1.549406e+21 6.790047e-03 0.000000e+00
10790 2.963562e+00 1.548413e+21 6.801371e-03 0.000000e+00
10800 2.966309e+00 1.547422e+21 6.812824e-03 0.000000e+00
10810 2.969055e+00 1.546432e+21 6.824148e-03 0.000000e+00
10820 2.971802e+00 1.545442e+21 6.835091e-03 0.000000e+00
10830 2.974548e+00 1.544454e+21 6.845414e-03 0.000000e+00
10840 2.977295e+00 1.543466e+21 6.854891e-03 0.000000e+00
10850 2.980042e+00 1.542479e+21 6.863312e-03 0.000000e+00
10860 2.982788e+00 1.541493e+21 6.870487e-03 0.000000e+00
10870 2.985535e+00 1.540508e+21 6.876243e-03 0.000000e+00
10880 2.988281e+00 1.539523e+21 6.880428e-03 0.000000e+00
10890 2.991028e+00 1.538540e+21 6.882913e-03 0.000000e+00
10900 2.993774e+00 1.537557e+21 6.883591e-03 0.000000e+00
10910 2.996521e+00 1.536575e+21 6.882375e-03 0.000000e+00
10920 2.999268e+00 1.535594e+21 6.879204e-03 0.000000e+00
10930 3.002014e+00 1.534614e+21 6.874040e-03 0.000000e+00
10940 3.004761e+00 1.533635e+21 6.866867e-03 0.000000e+00
10950 3.007507e+00 1.532657e+21 6.857691e-03 0.000000e+00
10960 3.010254e+00 1.531679e+21 6.846542e-03 0.000000e+00
10970 3.013000e+00 1.530703e+21 6.833468e-03 0.000000e+00
10980 3.015747e+00 1.529727e+21 6.818542e-03 0.000000e+00
10990 3.018494e+00 1.528752e+21 6.801853e-03 0.000000e+00
11000 3.021240e+00 1.527778e+21 6.783510e-03 0.000000e+00
11010 3.023987e+00 1.526804e+21 6.763637e-03 0.000000e+00
11020 3.026733e+00 1.525832e+21 6.742376e-03 0.000000e+00
11030 3.029480e+00 1.524860e+21 6.719881e-03 0.000000e+00
11040 3.032227e+00 1.523889e+21 6.696319e-03 0.000000e+00
11050 3.034973e+00 1.522919e+21 6.671867e-03 0.000000e+00
11060 3.037720e+00 1.521950e+21 6.646709e-03 0.000000e+00
11070 3.040466e+00 1.520982e+21 6.621039e-03 0.000000e+00
11080 3.043213e+00 1.520015e+21 6.595050e-03 0.000000e+00
11090 3.045959e+00 1.519048e+21 6.568942e-03 0.000000e+00
11100 3.048706e+00 1.518082e+21 6.542910e-03 0.000000e+00
11110 3.051453e+00 1.517117e+21 6.517149e-03 0.000000e+00
11120 3.054199e+00 1.516153e+21 6.491849e-03 0.000000e+00
11130 3.056946e+00 1.515190e+21 6.467191e-03 0.000000e+00
11140 3.059692e+00 1.514227e+21 6.443350e-03 0.000000e+00
11150 3.062439e+00 1.513265e+21 6.420487e-03 0.000000e+00
11160 3.065186e+00 1.512305e+21 6.398749e-03 0.000000e+00
11170 3.067932e+00 1.511345e+21 6.378269e-03 0.000000e+00
11180 3.070679e+00 1.510385e+21 6.359165e-03 0.000000e+00
11190 3.073425e+00 1.509427e+21 6.341534e-03 0.000000e+00
11200 3.076172e+00 1.508469e+21 6.325454e-03 0.000000e+00
11210 3.078918e+00 1.507513e+21 6.310985e-03 0.000000e+00
11220 3.081665e+00 1.506557e+21 6.298164e-03 0.000000e+00
11230 3.084412e+00 1.505601e+21 6.287009e-03 0.000000e+00
11240 3.087158e+00 1.504647e+21 6.277516e-03 0.000000e+00
11250 3.089905e+00 1.503694e+21 6.269661e-03 0.000000e+00
11260 3.092651e+00 1.502741e+21 6.263400e-03 0.000000e+00
11270 3.095398e+00 1.501789e+21 6.258671e-03 0.000000e+00
11280 3.098145e+00 1.500838e+21 6.255392e-03 0.000000e+00
11290 3.100891e+00 1.499888e+21 6.253468e-03 0.000000e+00
11300 3.103638e+00 1.498938e+21 6.252788e-03 0.000000e+00
11310 3.106384e+00 1.497989e+21 6.253228e-03 0.000000e+00
11320 3.109131e+00 1.497042e+21 6.254654e-03 0.000000e+00
11330 3.111877e+00 1.496094e+21 6.256923e-03 0.000000e+00
11340 3.114624e+00 1.495148e+21 6.259886e-03 0.000000e+00
11350 3.117371e+00 1.494203e+21 6.263386e-03 0.000000e+00
11360 3.120117e+00 1.493258e+21 6.267269e-03 0.000000e+00
11370 3.122864e+00 1.492314e+21 6.271376e-03 0.000000e+00
11380 3.125610e+00 1.491371e+21 6.275552e-03 0.000000e+00
11390 3.128357e+00 1.490429e+21 6.279643e-03 0.000000e+00
11400 3.131104e+00 1.489487e+21 6.283502e-03 0.000000e+00
11410 3.133850e+00 1.488546e+21 6.286987e-03 0.000000e+00
11420 3.136597e+00 1.487606e+21 6.289966e-03 0.000000e+00
11430 3.139343e+00 1.486667e+21 6.292314e-03 0.000000e+00
11440 3.142090e+00 1.485729e+21 6.293919e-03 0.000000e+00
11450 3.144836e+00 1.484791e+21 6.294676e-03 0.000000e+00
11460 3.147583e+00 1.483855e+21 6.294498e-03 0.000000e+00
11470 3.150330e+00 1.482919e+21 6.293307e-03 0.000000e+00
11480 3.153076e+00 1.481983e+21 6.291040e-03 0.000000e+00
11490 3.155823e+00 1.481049e+21 6.287646e-03 0.000000e+00
11500 3.158569e+00 1.480115e+21 6.283091e-03 0.000000e+00
11510 3.161316e+00 1.479183e+21 6.277352e-03 0.000000e+00
11520 3.164063e+00 1.478250e+21 6.270421e-03 0.000000e+00
11530 3.166809e+00 1.477319e+21 6.262306e-03 0.000000e+00
11540 3.169556e+00 1.476389e+21 6.253024e-03 0.000000e+00
11550 3.172302e+00 1.475459e+21 6.242609e-03 0.000000e+00
11560 3.175049e+00 1.474530e+21 6.231106e-03 0.000000e+00
11570 3.177795e+00 1.473602e+21 6.218570e-03 0.000000e+00
11580 3.180542e+00 1.472674e+21 6.205070e-03 0.000000e+00
11590 3.183289e+00 1.471748e+21 6.190683e-03 0.000000e+00
11600 3.186035e+00 1.470822e+21 6.175495e-03 0.000000e+00
11610 3.188782e+00 1.469897e+21 6.159602e-03 0.000000e+00
11620 3.191528e+00 1.468972e+21 6.143104e-03 0.000000e+00
11630 3.194275e+00 1.468049e+21 6.126108e-03 0.000000e+00
11640 3.197021e+00 1.467126e+21 6.108727e-03 0.000000e+00
11650 3.199768e+00 1.466204e+21 6.091075e-03 0.000000e+00
11660 3.202515e+00 1.465283e+21 6.073269e-03 0.000000e+00
11670 3.205261e+00 1.464362e+21 6.055425e-03 0.000000e+00
11680 3.208008e+00 1.463443e+21 6.037660e-03 0.000000e+00
11690 3.210754e+00 1.462524e+21 6.020088e-03 0.000000e+00
11700 3.213501e+00 1.461606e+21 6.002818e-03 0.000000e+00
11710 3.216248e+00 1.460688e+21 5.985956e-03 0.000000e+00
11720 3.218994e+00 1.459771e+21 5.969602e-03 0.000000e+00
11730 3.221741e+00 1.458855e+21 5.953848e-03 0.000000e+00
11740 3.224487e+00 1.457940e+21 5.938777e-03 0.000000e+00
11750 3.227234e+00 1.457026e+21 5.924465e-03 0.000000e+00
11760 3.229980e+00 1.456112e+21 5.910976e-03 0.000000e+00
11770 3.232727e+00 1.455199e+21 5.898363e-03 0.000000e+00
11780 3.235474e+00 1.454287e+21 5.886670e-03 0.000000e+00
11790 3.238220e+00 1.453376e+21 5.875927e-03 0.000000e+00
11800 3.240967e+00 1.452465e+21 5.866154e-03 0.000000e+00
11810 3.243713e+00 1.451555e+21 5.857357e-03 0.000000e+00
11820 3.246460e+00 1.450646e+21 5.849533e-03 0.000000e+00
11830 3.249207e+00 1.449738e+21 5.842664e-03 0.000000e+00
11840 3.251953e+00 1.448830e+21 5.836723e-03 0.000000e+00
11850 3.254700e+00 1.447923e+21 5.831673e-03 0.000000e+00
11860 3.257446e+00 1.447017e+21 5.827465e-03 0.000000e+00
11870 3.260193e+00 1.446112e+21 5.824042e-03 0.000000e+00
11880 3.262939e+00 1.445207e+21 5.821339e-03 0.000000e+00
11890 3.265686e+00 1.444303e+21 5.819284e-03 0.000000e+00
11900 3.268433e+00 1.443400e+21 5.817798e-03 0.000000e+00
11910 3.271179e+00 1.442497e+21 5.816798e-03 0.000000e+00
11920 3.273926e+00 1.441596e+21 5.816196e-03 0.000000e+00
11930 3.276672e+00 1.440695e+21 5.815903e-03 0.000000e+00
11940 3.279419e+00 1.439794e+21 5.815827e-03 0.000000e+00
11950 3.282166e+00 1.438895e+21 5.815876e-03 0.000000e+00
11960 3.284912e+00 1.437996e+21 5.815959e-03 0.000000e+00
11970 3.287659e+00 1.437098e+21 5.815986e-03 0.000000e+00
11980 3.290405e+00 1.436201e+21 5.815873e-03 0.000000e+00
11990 3.293152e+00 1.435304e+21 5.815535e-03 0.000000e+00
12000 3.295898e+00 1.434408e+21 5.814896e-03 0.000000e+00
12010 3.298645e+00 1.433513e+21 5.813882e-03 0.000000e+00
12020 3.301392e+00 1.432619e+21 5.812427e-03 0.000000e+00
12030 3.304138e+00 1.431725e+21 5.810472e-03 0.000000e+00
12040 3.306885e+00 1.430832e+21 5.807963e-03 0.000000e+00
12050 3.309631e+00 1.429940e+21 5.804857e-03 0.000000e+00
12060 3.312378e+00 1.429049e+21 5.801117e-03 0.000000e+00
12070 3.315125e+00 1.428158e+21 5.796713e-03 0.000000e+00
12080 3.317871e+00 1.427268e+21 5.791627e-03 0.000000e+00
12090 3.320618e+00 1.426378e+21 5.785846e-03 0.000000e+00
12100 3.323364e+00 1.425490e+21 5.779366e-03 0.000000e+00
12110 3.326111e+00 1.424602e+21 5.772193e-03 0.000000e+00
12120 3.328857e+00 1.423715e+21 5.764339e-03 0.000000e+00
12130 3.331604e+00 1.422829e+21 5.755826e-03 0.000000e+00
12140 3.334351e+00 1.421943e+21 5.746680e-03 0.000000e+00
12150 3.337097e+00 1.421058e+21 5.736937e-03 0.000000e+00
12160 3.339844e+00 1.420174e+21 5.726637e-03 0.000000e+00
12170 3.342590e+00 1.419290e+21 5.715830e-03 0.000000e+00
12180 3.345337e+00 1.418407e+21 5.704565e-03 0.000000e+00
12190 3.348083e+00 1.417525e+21 5.692901e-03 0.000000e+00
12200 3.350830e+00 1.416644e+21 5.680899e-03 0.000000e+00
12210 3.353577e+00 1.415763e+21 5.668622e-03 0.000000e+00
12220 3.356323e+00 1.414883e+21 5.656137e-03 0.000000e+00
12230 3.359070e+00 1.414004e+21 5.643511e-03 0.000000e+00
12240 3.361816e+00 1.413125e+21 5.630814e-03 0.000000e+00
12250 3.364563e+00 1.412247e+21 5.618113e-03 0.000000e+00
12260 3.367310e+00 1.411370e+21 5.605478e-03 0.000000e+00
12270 3.370056e+00 1.410494e+21 5.592973e-03 0.000000e+00
12280 3.372803e+00 1.409618e+21 5.580663e-03 0.000000e+00
12290 3.375549e+00 1.408743e+21 5.568608e-03 0.000000e+00
12300 3.378296e+00 1.407869e+21 5.556866e-03 0.000000e+00
12310 3.381042e+00 1.406995e+21 5.545489e-03 0.000000e+00
12320 3.383789e+00 1.406122e+21 5.534524e-03 0.000000e+00
12330 3.386536e+00 1.405250e+21 5.524013e-03 0.000000e+00
12340 3.389282e+00 1.404379e+21 5.513993e-03 0.000000e+00
12350 3.392029e+00 1.403508e+21 5.504493e-03 0.000000e+00
12360 3.394775e+00 1.402638e+21 5.495535e-03 0.000000e+00
12370 3.397522e+00 1.401768e+21 5.487138e-03 0.000000e+00
12380 3.400269e+00 1.400900e+21 5.479310e-03 0.000000e+00
12390 3.403015e+00 1.400032e+21 5.472053e-03 0.000000e+00
12400 3.405762e+00 1.399164e+21 5.465364e-03 0.000000e+00
12410 3.408508e+00 1.398298e+21 5.459233e-03 0.000000e+00
12420 3.411255e+00 1.397432e+21 5.453642e-03 0.000000e+00
12430 3.414001e+00 1.396566e+21 5.448568e-03 0.000000e+00
12440 3.416748e+00 1.395702e+21 5.443982e-03 0.000000e+00
12450 3.419495e+00 1.394838e+21 5.439852e-03 0.000000e+00
12460 3.422241e+00 1.393975e+21 5.436138e-03 0.000000e+00
12470 3.424988e+00 1.393112e+21 5.432797e-03 0.000000e+00
12480 3.427734e+00 1.392251e+21 5.429785e-03 0.000000e+00
12490 3.430481e+00 1.391389e+21 5.427053e-03 0.000000e+00
12500 3.433228e+00 1.390529e+21 5.424548e-03 0.000000e+00
12510 3.435974e+00 1.389669e+21 5.422220e-03 0.000000e+00
12520 3.438721e+00 1.388810e+21 5.420015e-03 0.000000e+00
12530 3.441467e+00 1.387952e+21 5.417880e-03 0.000000e+00
12540 3.444214e+00 1.387094e+21 5.415761e-03 0.000000e+00
12550 3.446960e+00 1.386237e+21 5.413607e-03 0.000000e+00
12560 3.449707e+00 1.385381e+21 5.411367e-03 0.000000e+00
12570 3.452454e+00 1.384525e+21 5.408994e-03 0.000000e+00
12580 3.455200e+00 1.383670e+21 5.406443e-03 0.000000e+00
12590 3.457947e+00 1.382816e+21 5.403671e-03 0.000000e+00
12600 3.460693e+00 1.381963e+21 5.400639e-03 0.000000e+00
12610 3.463440e+00 1.381110e+21 5.397314e-03 0.000000e+00
12620 3.466187e+00 1.380257e+21 5.393665e-03 0.000000e+00
12630 3.468933e+00 1.379406e+21 5.389667e-03 0.000000e+00
12640 3.471680e+00 1.378555e+21 5.385298e-03 0.000000e+00
12650 3.474426e+00 1.377705e+21 5.380542e-03 0.000000e+00
12660 3.477173e+00 1.376855e+21 5.375389e-03 0.000000e+00
12670 3.479919e+00 1.376006e+21 5.369832e-03 0.000000e+00
12680 3.482666e+00 1.375158e+21 5.363869e-03 0.000000e+00
12690 3.485413e+00 1.374311e+21 5.357505e-03 0.000000e+00
12700 3.488159e+00 1.373464e+21 5.350747e-03 0.000000e+00
12710 3.490906e+00 1.372618e+21 5.343609e-03 0.000000e+00
12720 3.493652e+00 1.371772e+21 5.336107e-03 0.000000e+00
12730 3.496399e+00 1.370927e+21 5.328263e-03 0.000000e+00
12740 3.499146e+00 1.370083e+21 5.320102e-03 0.000000e+00
12750 3.501892e+00 1.369240e+21 5.311653e-03 0.000000e+00
12760 3.504639e+00 1.368397e+21 5.302945e-03 0.000000e+00
12770 3.507385e+00 1.367555e+21 5.294015e-03 0.000000e+00
12780 3.510132e+00 1.366713e+21 5.284896e-03 0.000000e+00
12790 3.512878e+00 1.365872e+21 5.275628e-03 0.000000e+00
12800 3.515625e+00 1.365032e+21 5.266250e-03 0.000000e+00
12810 3.518372e+00 1.364192e+21 5.256801e-03 0.000000e+00
12820 3.521118e+00 1.363354e+21 5.247321e-03 0.000000e+00
12830 3.523865e+00 1.362515e+21 5.237851e-03 0.000000e+00
12840 3.526611e+00 1.361678e+21 5.228429e-03 0.000000e+00
12850 3.529358e+00 1.360841e+21 5.219095e-03 0.000000e+00
12860 3.532104e+00 1.360005e+21 5.209884e-03 0.000000e+00
12870 3.534851e+00 1.359169e+21 5.200832e-03 0.000000e+00
12880 3.537598e+00 1.358334e+21 5.191972e-03 0.000000e+00
12890 3.540344e+00 1.357500e+21 5.183332e-03 0.000000e+00
12900 3.543091e+00 1.356666e+21 5.174941e-03 0.000000e+00
12910 3.545837e+00 1.355833e+21 5.166821e-03 0.000000e+00
12920 3.548584e+00 1.355001e+21 5.158992e-03 0.000000e+00
12930 3.551331e+00 1.354170e+21 5.151472e-03 0.000000e+00
12940 3.554077e+00 1.353339e+21 5.144272e-03 0.000000e+00
12950 3.556824e+00 1.352508e+21 5.137402e-03 0.000000e+00
12960 3.559570e+00 1.351679e+21 5.130866e-03 0.000000e+00
12970 3.562317e+00 1.350849e+21 5.124665e-03 0.000000e+00
12980 3.565063e+00 1.350021e+21 5.118796e-03 0.000000e+00
12990 3.567810e+00 1.349193e+21 5.113251e-03 0.000000e+00
13000 3.570557e+00 1.348366e+21 5.108022e-03 0.000000e+00
13010 3.573303e+00 1.347540e+21 5.103093e-03 0.000000e+00
13020 3.576050e+00 1.346714e+21 5.098448e-03 0.000000e+00
13030 3.578796e+00 1.345889e+21 5.094067e-03 0.000000e+00
13040 3.581543e+00 1.345064e+21 5.089926e-03 0.000000e+00
13050 3.584290e+00 1.344240e+21 5.086002e-03 0.000000e+00
13060 3.587036e+00 1.343417e+21 5.082268e-03 0.000000e+00
13070 3.589783e+00 1.342595e+21 5.078695e-03 0.000000e+00
13080 3.592529e+00 1.341773e+21 5.075253e-03 0.000000e+00
13090 3.595276e+00 1.340951e+21 5.071912e-03 0.000000e+00
13100 3.598022e+00 1.340131e+21 5.068641e-03 0.000000e+00
13110 3.600769e+00 1.339311e+21 5.065410e-03 0.000000e+00
13120 3.603516e+00 1.338491e+21 5.062187e-03 0.000000e+00
13130 3.606262e+00 1.337672e+21 5.058942e-03 0.000000e+00
13140 3.609009e+00 1.336854e+21 5.055647e-03 0.000000e+00
13150 3.611755e+00 1.336037e+21 5.052274e-03 0.000000e+00
13160 3.614502e+00 1.335220e+21 5.048796e-03 0.000000e+00
13170 3.617249e+00 1.334404e+21 5.045190e-03 0.000000e+00
13180 3.619995e+00 1.333588e+21 5.041433e-03 0.000000e+00
13190 3.622742e+00 1.332773e+21 5.037505e-03 0.000000e+00
13200 3.625488e+00 1.331959e+21 5.033390e-03 0.000000e+00
13210 3.628235e+00 1.331145e+21 5.029072e-03 0.000000e+00
13220 3.630981e+00 1.330332e+21 5.024540e-03 0.000000e+00
13230 3.633728e+00 1.329520e+21 5.019784e-03 0.000000e+00
13240 3.636475e+00 1.328708e+21 5.014800e-03 0.000000e+00
13250 3.639221e+00 1.327897e+21 5.009582e-03 0.000000e+00
13260 3.641968e+00 1.327086e+21 5.004132e-03 0.000000e+00
13270 3.644714e+00 1.326276e+21 4.998452e-03 0.000000e+00
13280 3.647461e+00 1.325467e+21 4.992546e-03 0.000000e+00
13290 3.650208e+00 1.324658e+21 4.986424e-03 0.000000e+00
13300 3.652954e+00 1.323850e+21 4.980095e-03 0.000000e+00
13310 3.655701e+00 1.323043e+21 4.973572e-03 0.000000e+00
13320 3.658447e+00 1.322236e+21 4.966870e-03 0.000000e+00
13330 3.661194e+00 1.321430e+21 4.960006e-03 0.000000e+00
13340 3.663940e+00 1.320625e+21 4.952999e-03 0.000000e+00
13350 3.666687e+00 1.319820e+21 4.945868e-03 0.000000e+00
13360 3.669434e+00 1.319015e+21 4.938636e-03 0.000000e+00
13370 3.672180e+00 1.318212e+21 4.931323e-03 0.000000e+00
13380 3.674927e+00 1.317409e+21 4.923953e-03 0.000000e+00
13390 3.677673e+00 1.316606e+21 4.916549e-03 0.000000e+00
13400 3.680420e+00 1.315804e+21 4.909135e-03 0.000000e+00
13410 3.683167e+00 1.315003e+21 4.901734e-03 0.000000e+00
13420 3.685913e+00 1.314203e+21 4.894368e-03 0.000000e+00
13430 3.688660e+00 1.313403e+21 4.887059e-03 0.000000e+00
13440 3.691406e+00 1.312603e+21 4.879830e-03 0.000000e+00
13450 3.694153e+00 1.311805e+21 4.872698e-03 0.000000e+00
13460 3.696899e+00 1.311006e+21 4.865684e-03 0.000000e+00
13470 3.699646e+00 1.310209e+21 4.858804e-03 0.000000e+00
13480 3.702393e+00 1.309412e+21 4.852073e-03 0.000000e+00
13490 3.705139e+00 1.308616e+21 4.845505e-03 0.000000e+00
13500 3.707886e+00 1.307820e+21 4.839110e-03 0.000000e+00
13510 3.710632e+00 1.307025e+21 4.832899e-03 0.000000e+00
13520 3.713379e+00 1.306231e+21 4.826876e-03 0.000000e+00
13530 3.716125e+00 1.305437e+21 4.821048e-03 0.000000e+00
13540 3.718872e+00 1.304644e+21 4.815417e-03 0.000000e+00
13550 3.721619e+00 1.303851e+21 4.809982e-03 0.000000e+00
13560 3.724365e+00 1.303059e+21 4.804742e-03 0.000000e+00
13570 3.727112e+00 1.302267e+21 4.799691e-03 0.000000e+00
13580 3.729858e+00 1.301477e+21 4.794825e-03 0.000000e+00
13590 3.732605e+00 1.300686e+21 4.790134e-03 0.000000e+00
13600 3.735352e+00 1.299897e+21 4.785608e-03 0.000000e+00
13610 3.738098e+00 1.299108e+21 4.781236e-03 0.000000e+00
13620 3.740845e+00 1.298319e+21 4.777004e-03 0.000000e+00
13630 3.743591e+00 1.297532e+21 4.772897e-03 0.000000e+00
13640 3.746338e+00 1.296745e+21 4.768901e-03 0.000000e+00
13650 3.749084e+00 1.295958e+21 4.764998e-03 0.000000e+00
13660 3.751831e+00 1.295172e+21 4.761171e-03 0.000000e+00
13670 3.754578e+00 1.294387e+21 4.757403e-03 0.000000e+00
13680 3.757324e+00 1.293602e+21 4.753676e-03 0.000000e+00
13690 3.760071e+00 1.292818e+21 4.749971e-03 0.000000e+00
13700 3.762817e+00 1.292034e+21 4.746272e-03 0.000000e+00
13710 3.765564e+00 1.291251e+21 4.742560e-03 0.000000e+00
13720 3.768311e+00 1.290469e+21 4.738819e-03 0.000000e+00
13730 3.771057e+00 1.289687e+21 4.735034e-03 0.000000e+00
13740 3.773804e+00 1.288906e+21 4.731188e-03 0.000000e+00
13750 3.776550e+00 1.288125e+21 4.727268e-03 0.000000e+00
13760 3.779297e+00 1.287345e+21 4.723262e-03 0.000000e+00
13770 3.782043e+00 1.286566e+21 4.719158e-03 0.000000e+00
13780 3.784790e+00 1.285787e+21 4.714947e-03 0.000000e+00
13790 3.787537e+00 1.285009e+21 4.710619e-03 0.000000e+00
13800 3.790283e+00 1.284231e+21 4.706169e-03 0.000000e+00
13810 3.793030e+00 1.283454e+21 4.701592e-03 0.000000e+00
13820 3.795776e+00 1.282677e+21 4.696883e-03 0.000000e+00
13830 3.798523e+00 1.281902e+21 4.692043e-03 0.000000e+00
13840 3.801270e+00 1.281126e+21 4.687070e-03 0.000000e+00
13850 3.804016e+00 1.280352e+21 4.681966e-03 0.000000e+00
13860 3.806763e+00 1.279577e+21 4.676736e-03 0.000000e+00
13870 3.809509e+00 1.278804e+21 4.671383e-03 0.000000e+00
13880 3.812256e+00 1.278031e+21 4.665914e-03 0.000000e+00
13890 3.815002e+00 1.277259e+21 4.660336e-03 0.000000e+00
13900 3.817749e+00 1.276487e+21 4.654659e-03 0.000000e+00
13910 3.820496e+00 1.275716e+21 4.648893e-03 0.000000e+00
13920 3.823242e+00 1.274945e+21 4.643047e-03 0.000000e+00
13930 3.825989e+00 1.274175e+21 4.637135e-03 0.000000e+00
13940 3.828735e+00 1.273406e+21 4.631169e-03 0.000000e+00
13950 3.831482e+00 1.272637e+21 4.625161e-03 0.000000e+00
13960 3.834229e+00 1.271869e+21 4.619125e-03 0.000000e+00
13970 3.836975e+00 1.271101e+21 4.613075e-03 0.000000e+00
13980 3.839722e+00 1.270334e+21 4.607023e-03 0.000000e+00
13990 3.842468e+00 1.269567e+21 4.600984e-03 0.000000e+00
14000 3.845215e+00 1.268801e+21 4.594970e-03 0.000000e+00
14010 3.847961e+00 1.268036e+21 4.588994e-03 0.000000e+00
14020 3.850708e+00 1.267271e+21 4.583068e-03 0.000000e+00
14030 3.853455e+00 1.266507e+21 4.577204e-03 0.000000e+00
14040 3.856201e+00 1.265743e+21 4.571412e-03 0.000000e+00
14050 3.858948e+00 1.264980e+21 4.565701e-03 0.000000e+00
14060 3.861694e+00 1.264218e+21 4.560081e-03 0.000000e+00
14070 3.864441e+00 1.263456e+21 4.554559e-03 0.000000e+00
14080 3.867188e+00 1.262694e+21 4.549140e-03 0.000000e+00
14090 3.869934e+00 1.261934e+21 4.543830e-03 0.000000e+00
14100 3.872681e+00 1.261174e+21 4.538634e-03 0.000000e+00
14110 3.875427e+00 1.260414e+21 4.533552e-03 0.000000e+00
14120 3.878174e+00 1.259655e+21 4.528586e-03 0.000000e+00
14130 3.880920e+00 1.258896e+21 4.523736e-03 0.000000e+00
14140 3.883667e+00 1.258138e+21 4.519001e-03 0.000000e+00
14150 3.886414e+00 1.257381e+21 4.514378e-03 0.000000e+00
14160 3.889160e+00 1.256624e+21 4.509863e-03 0.000000e+00
14170 3.891907e+00 1.255868e+21 4.505450e-03 0.000000e+00
14180 3.894653e+00 1.255113e+21 4.501135e-03 0.000000e+00
14190 3.897400e+00 1.254357e+21 4.496909e-03 0.000000e+00
14200 3.900146e+00 1.253603e+21 4.492766e-03 0.000000e+00
14210 3.902893e+00 1.252849e+21 4.488697e-03 0.000000e+00
14220 3.905640e+00 1.252096e+21 4.484692e-03 0.000000e+00
14230 3.908386e+00 1.251343e+21 4.480742e-03 0.000000e+00
14240 3.911133e+00 1.250591e+21 4.476837e-03 0.000000e+00
14250 3.913879e+00 1.249839e+21 4.472967e-03 0.000000e+00
14260 3.916626e+00 1.249088e+21 4.469121e-03 0.000000e+00
14270 3.919373e+00 1.248337e+21 4.465289e-03 0.000000e+00
14280 3.922119e+00 1.247587e+21 4.461461e-03 0.000000e+00
14290 3.924866e+00 1.246838e+21 4.457627e-03 0.000000e+00
14300 3.927612e+00 1.246089e+21 4.453777e-03 0.000000e+00
14310 3.930359e+00 1.245341e+21 4.449903e-03 0.000000e+00
14320 3.933105e+00 1.244593e+21 4.445994e-03 0.000000e+00
14330 3.935852e+00 1.243846e+21 4.442045e-03 0.000000e+00
14340 3.938599e+00 1.243099e+21 4.438046e-03 0.000000e+00
14350 3.941345e+00 1.242353e+21 4.433993e-03 0.000000e+00
14360 3.944092e+00 1.241608e+21 4.429879e-03 0.000000e+00
14370 3.946838e+00 1.240863e+21 4.425700e-03 0.000000e+00
14380 3.949585e+00 1.240118e+21 4.421451e-03 0.000000e+00
14390 3.952332e+00 1.239374e+21 4.417131e-03 0.000000e+00
14400 3.955078e+00 1.238631e+21 4.412738e-03 0.000000e+00
14410 3.957825e+00 1.237888e+21 4.408270e-03 0.000000e+00
14420 3.960571e+00 1.237146e+21 4.403729e-03 0.000000e+00
14430 3.963318e+00 1.236404e+21 4.399114e-03 0.000000e+00
14440 3.966064e+00 1.235663e+21 4.394429e-03 0.000000e+00
14450 3.968811e+00 1.234923e+21 4.389676e-03 0.000000e+00
14460 3.971558e+00 1.234183e+21 4.384859e-03 0.000000e+00
14470 3.974304e+00 1.233443e+21 4.379983e-03 0.000000e+00
14480 3.977051e+00 1.232705e+21 4.375052e-03 0.000000e+00
14490 3.979797e+00 1.231966e+21 4.370072e-03 0.000000e+00
14500 3.982544e+00 1.231228e+21 4.365051e-03 0.000000e+00
14510 3.985291e+00 1.230491e+21 4.359995e-03 0.000000e+00
14520 3.988037e+00 1.229755e+21 4.354911e-03 0.000000e+00
14530 3.990784e+00 1.229018e+21 4.349807e-03 0.000000e+00
14540 3.993530e+00 1.228283e+21 4.344690e-03 0.000000e+00
14550 3.996277e+00 1.227548e+21 4.339568e-03 0.000000e+00
14560 3.999023e+00 1.226813e+21 4.334449e-03 0.000000e+00
14570 4.001770e+00 1.226079e+21 4.329341e-03 0.000000e+00
14580 4.004517e+00 1.225346e+21 4.324251e-03 0.000000e+00
14590 4.007263e+00 1.224613e+21 4.319187e-03 0.000000e+00
14600 4.010010e+00 1.223881e+21 4.314155e-03 0.000000e+00
14610 4.012756e+00 1.223149e+21 4.309162e-03 0.000000e+00
14620 4.015503e+00 1.222418e+21 4.304214e-03 0.000000e+00
14630 4.018250e+00 1.221687e+21 4.299316e-03 0.000000e+00
14640 4.020996e+00 1.220957e+21 4.294474e-03 0.000000e+00
14650 4.023743e+00 1.220227e+21 4.289690e-03 0.000000e+00
14660 4.026489e+00 1.219498e+21 4.284970e-03 0.000000e+00
14670 4.029236e+00 1.218770e+21 4.280314e-03 0.000000e+00
14680 4.031982e+00 1.218042e+21 4.275727e-03 0.000000e+00
14690 4.034729e+00 1.217314e+21 4.271208e-03 0.000000e+00
14700 4.037476e+00 1.216587e+21 4.266759e-03 0.000000e+00
14710 4.040222e+00 1.215861e+21 4.262378e-03 0.000000e+00
14720 4.042969e+00 1.215135e+21 4.258066e-03 0.000000e+00
14730 4.045715e+00 1.214410e+21 4.253820e-03 0.000000e+00
14740 4.048462e+00 1.213685e+21 4.249638e-03 0.000000e+00
14750 4.051208e+00 1.212961e+21 4.245517e-03 0.000000e+00
14760 4.053955e+00 1.212237e+21 4.241454e-03 0.000000e+00
14770 4.056702e+00 1.211514e+21 4.237444e-03 0.000000e+00
14780 4.059448e+00 1.210791e+21 4.233483e-03 0.000000e+00
14790 4.062195e+00 1.210069e+21 4.229566e-03 0.000000e+00
14800 4.064941e+00 1.209348e+21 4.225688e-03 0.000000e+00
14810 4.067688e+00 1.208627e+21 4.221842e-03 0.000000e+00
14820 4.070435e+00 1.207906e+21 4.218024e-03 0.000000e+00
14830 4.073181e+00 1.207186e+21 4.214227e-03 0.000000e+00
14840 4.075928e+00 1.206467e+21 4.210446e-03 0.000000e+00
14850 4.078674e+00 1.205748e+21 4.206673e-03 0.000000e+00
14860 4.081421e+00 1.205030e+21 4.202905e-03 0.000000e+00
14870 4.084167e+00 1.204312e+21 4.199134e-03 0.000000e+00
14880 4.086914e+00 1.203594e+21 4.195355e-03 0.000000e+00
14890 4.089661e+00 1.202878e+21 4.191563e-03 0.000000e+00
14900 4.092407e+00 1.202161e+21 4.187753e-03 0.000000e+00
14910 4.095154e+00 1.201446e+21 4.183921e-03 0.000000e+00
14920 4.097900e+00 1.200730e+21 4.180063e-03 0.000000e+00
14930 4.100647e+00 1.200016e+21 4.176174e-03 0.000000e+00
14940 4.103394e+00 1.199301e+21 4.172252e-03 0.000000e+00
14950 4.106140e+00 1.198588e+21 4.168294e-03 0.000000e+00
14960 4.108887e+00 1.197875e+21 4.164298e-03 0.000000e+00
14970 4.111633e+00 1.197162e+21 4.160263e-03 0.000000e+00
14980 4.114380e+00 1.196450e+21 4.156187e-03 0.000000e+00
14990 4.117126e+00 1.195738e+21 4.152071e-03 0.000000e+00
15000 4.119873e+00 1.195027e+21 4.147914e-03 0.000000e+00
15010 4.122620e+00 1.194317e+21 4.143717e-03 0.000000e+00
15020 4.125366e+00 1.193607e+21 4.139482e-03 0.000000e+00
15030 4.128113e+00 1.192897e+21 4.135210e-03 0.000000e+00
15040 4.130859e+00 1.192189e+21 4.130904e-03 0.000000e+00
15050 4.133606e+00 1.191480e+21 4.126566e-03 0.000000e+00
15060 4.136353e+00 1.190772e+21 4.122200e-03 0.000000e+00
15070 4.139099e+00 1.190065e+21 4.117808e-03 0.000000e+00
15080 4.141846e+00 1.189358e+21 4.113395e-03 0.000000e+00
15090 4.144592e+00 1.188652e+21 4.108964e-03 0.000000e+00
15100 4.147339e+00 1.187946e+21 4.104520e-03 0.000000e+00
15110 4.150085e+00 1.187240e+21 4.100067e-03 0.000000e+00
15120 4.152832e+00 1.186536e+21 4.095610e-03 0.000000e+00
15130 4.155579e+00 1.185831e+21 4.091153e-03 0.000000e+00
15140 4.158325e+00 1.185128e+21 4.086700e-03 0.000000e+00
15150 4.161072e+00 1.184424e+21 4.082256e-03 0.000000e+00
15160 4.163818e+00 1.183722e+21 4.077826e-03 0.000000e+00
15170 4.166565e+00 1.183019e+21 4.073413e-03 0.000000e+00
15180 4.169312e+00 1.182318e+21 4.069021e-03 0.000000e+00
15190 4.172058e+00 1.181616e+21 4.064655e-03 0.000000e+00
15200 4.174805e+00 1.180916e+21 4.060316e-03 0.000000e+00
15210 4.177551e+00 1.180215e+21 4.056010e-03 0.000000e+00
15220 4.180298e+00 1.179516e+21 4.051737e-03 0.000000e+00
15230 4.183044e+00 1.178817e+21 4.047501e-03 0.000000e+00
15240 4.185791e+00 1.178118e+21 4.043304e-03 0.000000e+00
15250 4.188538e+00 1.177420e+21 4.039147e-03 0.000000e+00
15260 4.191284e+00 1.176722e+21 4.035030e-03 0.000000e+00
15270 4.194031e+00 1.176025e+21 4.030956e-03 0.000000e+00
15280 4.196777e+00 1.175328e+21 4.026923e-03 0.000000e+00
15290 4.199524e+00 1.174632e+21 4.022932e-03 0.000000e+00
15300 4.202271e+00 1.173937e+21 4.018982e-03 0.000000e+00
15310 4.205017e+00 1.173242e+21 4.015072e-03 0.000000e+00
15320 4.207764e+00 1.172547e+21 4.011201e-03 0.000000e+00
15330 4.210510e+00 1.171853e+21 4.007366e-03 0.000000e+00
15340 4.213257e+00 1.171159e+21 4.003567e-03 0.000000e+00
15350 4.216003e+00 1.170466e+21 3.999799e-03 0.000000e+00
15360 4.218750e+00 1.169774e+21 3.996062e-03 0.000000e+00
15370 4.221497e+00 1.169081e+21 3.992351e-03 0.000000e+00
15380 4.224243e+00 1.168390e+21 3.988664e-03 0.000000e+00
15390 4.226990e+00 1.167699e+21 3.984997e-03 0.000000e+00
15400 4.229736e+00 1.167008e+21 3.981347e-03 0.000000e+00
15410 4.232483e+00 1.166318e+21 3.977712e-03 0.000000e+00
15420 4.235229e+00 1.165629e+21 3.974086e-03 0.000000e+00
15430 4.237976e+00 1.164939e+21 3.970467e-03 0.000000e+00
15440 4.240723e+00 1.164251e+21 3.966852e-03 0.000000e+00
15450 4.243469e+00 1.163563e+21 3.963237e-03 0.000000e+00
15460 4.246216e+00 1.162875e+21 3.959618e-03 0.000000e+00
15470 4.248962e+00 1.162188e+21 3.955994e-03 0.000000e+00
15480 4.251709e+00 1.161502e+21 3.952361e-03 0.000000e+00
15490 4.254456e+00 1.160815e+21 3.948717e-03 0.000000e+00
15500 4.257202e+00 1.160130e+21 3.945059e-03 0.000000e+00
15510 4.259949e+00 1.159445e+21 3.941385e-03 0.000000e+00
15520 4.262695e+00 1.158760e+21 3.937694e-03 0.000000e+00
15530 4.265442e+00 1.158076e+21 3.933984e-03 0.000000e+00
15540 4.268188e+00 1.157392e+21 3.930254e-03 0.000000e+00
15550 4.270935e+00 1.156709e+21 3.926503e-03 0.000000e+00
15560 4.273682e+00 1.156027e+21 3.922731e-03 0.000000e+00
15570 4.276428e+00 1.155345e+21 3.918937e-03 0.000000e+00
15580 4.279175e+00 1.154663e+21 3.915122e-03 0.000000e+00
15590 4.281921e+00 1.153982e+21 3.911286e-03 0.000000e+00
15600 4.284668e+00 1.153301e+21 3.907430e-03 0.000000e+00
15610 4.287415e+00 1.152621e+21 3.903554e-03 0.000000e+00
15620 4.290161e+00 1.151941e+21 3.899662e-03 0.000000e+00
15630 4.292908e+00 1.151262e+21 3.895753e-03 0.000000e+00
15640 4.295654e+00 1.150583e+21 3.891829e-03 0.000000e+00
15650 4.298401e+00 1.149905e+21 3.887894e-03 0.000000e+00
15660 4.301147e+00 1.149227e+21 3.883948e-03 0.000000e+00
15670 4.303894e+00 1.148550e+21 3.879995e-03 0.000000e+00
15680 4.306641e+00 1.147874e+21 3.876036e-03 0.000000e+00
15690 4.309387e+00 1.147197e+21 3.872075e-03 0.000000e+00
15700 4.312134e+00 1.146522e+21 3.868113e-03 0.000000e+00
15710 4.3148